Rigidity [GV]  flux [[m2 sr s GV]−1] err_stat. err_acc. err_unf. err_scale err_syst.
2.15    2.40   4.047e-02 0.054e-02 0.198e-02 0.581e-02 0.020e-02 0.614e-02
2.40    2.67   3.867e-02 0.044e-02 0.181e-02 0.331e-02 0.012e-02 0.377e-02
2.67    2.97   3.826e-02 0.038e-02 0.174e-02 0.176e-02 0.006e-02 0.248e-02
2.97    3.29   3.543e-02 0.033e-02 0.157e-02 0.085e-02 0.003e-02 0.179e-02
3.29    3.64   3.176e-02 0.028e-02 0.138e-02 0.044e-02 0.000e-02 0.145e-02
3.64    4.02   2.796e-02 0.024e-02 0.120e-02 0.028e-02 0.001e-02 0.124e-02
4.02    4.43   2.328e-02 0.020e-02 0.099e-02 0.020e-02 0.002e-02 0.101e-02
4.43    4.88   2.011e-02 0.016e-02 0.085e-02 0.015e-02 0.003e-02 0.087e-02
4.88    5.37   1.677e-02 0.013e-02 0.071e-02 0.011e-02 0.003e-02 0.072e-02
5.37    5.90   1.392e-02 0.011e-02 0.059e-02 0.008e-02 0.003e-02 0.059e-02
5.90    6.47   1.187e-02 0.009e-02 0.050e-02 0.006e-02 0.002e-02 0.051e-02
6.47    7.09   9.825e-03 0.074e-03 0.415e-03 0.048e-03 0.022e-03 0.418e-03
7.09    7.76   8.096e-03 0.061e-03 0.342e-03 0.037e-03 0.020e-03 0.344e-03
7.76    8.48   6.771e-03 0.051e-03 0.286e-03 0.029e-03 0.017e-03 0.288e-03
8.48    9.26   5.583e-03 0.043e-03 0.236e-03 0.023e-03 0.015e-03 0.238e-03
9.26    10.1   4.626e-03 0.036e-03 0.196e-03 0.019e-03 0.013e-03 0.197e-03
10.1    11.0   3.828e-03 0.031e-03 0.162e-03 0.015e-03 0.011e-03 0.163e-03
11.0    12.0   3.109e-03 0.027e-03 0.132e-03 0.012e-03 0.009e-03 0.132e-03
12.0    13.0   2.555e-03 0.024e-03 0.108e-03 0.009e-03 0.008e-03 0.109e-03
13.0    14.1   2.075e-03 0.020e-03 0.088e-03 0.007e-03 0.007e-03 0.088e-03
14.1    15.3   1.723e-03 0.017e-03 0.073e-03 0.006e-03 0.006e-03 0.073e-03
15.3    16.6   1.413e-03 0.015e-03 0.060e-03 0.005e-03 0.005e-03 0.060e-03
16.6    18.0   1.121e-03 0.012e-03 0.047e-03 0.004e-03 0.004e-03 0.048e-03
18.0    19.5   9.307e-04 0.106e-04 0.394e-04 0.030e-04 0.033e-04 0.396e-04
19.5    21.1   7.687e-04 0.090e-04 0.325e-04 0.025e-04 0.027e-04 0.327e-04
21.1    22.8   6.122e-04 0.074e-04 0.259e-04 0.020e-04 0.022e-04 0.261e-04
22.8    24.7   5.086e-04 0.061e-04 0.215e-04 0.016e-04 0.019e-04 0.217e-04
24.7    26.7   4.235e-04 0.052e-04 0.179e-04 0.013e-04 0.016e-04 0.181e-04
26.7    28.8   3.462e-04 0.044e-04 0.147e-04 0.011e-04 0.013e-04 0.148e-04
28.8    33.5   2.544e-04 0.025e-04 0.108e-04 0.008e-04 0.010e-04 0.109e-04
33.5    38.9   1.741e-04 0.019e-04 0.074e-04 0.005e-04 0.007e-04 0.075e-04
38.9    45.1   1.211e-04 0.014e-04 0.052e-04 0.004e-04 0.005e-04 0.052e-04
45.1    52.2   8.037e-05 0.110e-05 0.344e-05 0.026e-05 0.034e-05 0.346e-05
52.2    60.3   5.350e-05 0.084e-05 0.230e-05 0.017e-05 0.023e-05 0.231e-05
60.3    69.7   3.673e-05 0.065e-05 0.158e-05 0.012e-05 0.017e-05 0.160e-05
69.7    80.5   2.468e-05 0.050e-05 0.107e-05 0.008e-05 0.012e-05 0.108e-05
80.5    93.0   1.635e-05 0.037e-05 0.071e-05 0.006e-05 0.008e-05 0.072e-05
93.0    108    1.122e-05 0.028e-05 0.049e-05 0.004e-05 0.006e-05 0.049e-05
108     125    7.496e-06 0.217e-06 0.328e-06 0.028e-06 0.044e-06 0.333e-06
125     147    4.929e-06 0.155e-06 0.217e-06 0.019e-06 0.031e-06 0.220e-06
147     175    3.071e-06 0.108e-06 0.136e-06 0.013e-06 0.021e-06 0.138e-06
175     211    1.886e-06 0.074e-06 0.084e-06 0.009e-06 0.015e-06 0.086e-06
211     259    1.140e-06 0.050e-06 0.051e-06 0.007e-06 0.010e-06 0.053e-06
259     330    6.417e-07 0.305e-07 0.293e-07 0.048e-07 0.069e-07 0.305e-07
330     441    2.649e-07 0.158e-07 0.123e-07 0.028e-07 0.036e-07 0.131e-07
441     660    1.116e-07 0.074e-07 0.053e-07 0.019e-07 0.021e-07 0.060e-07
660     1200   2.944e-08 0.232e-08 0.146e-08 0.112e-08 0.099e-08 0.209e-08
1200    3000   5.130e-09 1.407e-09 0.319e-09 0.143e-09 0.291e-09 0.455e-09