1 0.00593554 8.89539e-06 14.8197 0.000173039 9.48296e-09 5.99703e-15 0.0103881 3.67545e-08 3146.91
1 0.00593554 8.89539e-06 14.8197 0.000173039 9.48296e-09 5.99703e-15 0.0103881 3.67545e-08 3146.91
1 0.00681679 2.44411e-05 14.8218 0.000463614 3.16099e-09 2.34513e-14 0.00667805 3.71821e-07 648.863
1 0.00681679 2.44411e-05 14.8218 0.000463614 3.16099e-09 2.34513e-14 0.00667805 3.71821e-07 648.863
1 0.00680898 5.84042e-05 14.8248 0.000873278 1.29779e-09 9.34631e-12 0.00667805 2.23623e-06 491.211
1 0.00574801 5.75523e-05 14.8251 0.00109561 1.46407e-09 9.93356e-12 0.0111301 1.55082e-06 481.49
1 0.00315614 6.3633e-05 14.8526 0.00135218 1.58049e-09 1.38173e-13 0.0222602 1.8097e-06 451.621
1 0.0169486 2.94022e-05 14.794 9.23396e-05 1.22104e-09 4.01054e-14 0.115328 0.00196664 867.295
1 0.0612648 0.00033088 14.781 0.000566571 1.04966e-08 2.92838e-11 0.0762689 6.01649e-06 62.0355
1 0.062192 0.000343542 14.7794 0.000580957 1.05258e-08 2.9357e-11 0.0762753 5.64047e-06 67.7132
1 0.0579902 0.000340133 14.7812 0.000581068 1.05488e-08 2.92521e-11 0.0847504 5.66782e-06 57.4244
1 0.0446302 0.000328581 14.7897 0.000588055 1.05754e-08 2.88617e-11 0.110175 6.85309e-06 28.7524
1 0.0446303 0.000327225 14.7897 0.000579881 1.05754e-08 2.82057e-11 0.110175 6.67089e-06 28.7524
1 0.0684699 0.0454216 14.7902 7.48451 1.22109e-08 1.34376e-08 0.1049 0.0501401 41.9733
1 0.0426509 0.00027696 14.7946 9.5064e-05 1.04564e-08 2.76572e-11 0.109365 9.42382e-06 20.2393
1 0.0431888 0.000318884 14.793 0.000579295 1.05152e-08 2.88323e-11 0.110166 8.12318e-06 23.101
1 0.0363661 0.000266088 14.794 2.2448e-05 1.05263e-08 2.83187e-11 0.127115 1.85272e-05 11.2698
1 0.0334412 0.000285016 14.7982 2.31552e-05 1.05837e-08 2.88113e-11 0.136835 9.8438e-05 5.70696
1 0.031139 0.000389676 14.8035 3.87936e-05 1.05874e-08 2.95677e-11 0.141484 0.000653537 3.22361
1 0.0311397 0.000389687 14.8035 3.88026e-05 1.05874e-08 2.95678e-11 0.141484 0.000653576 3.22361
1 0.10019 4.18763e-06 14.1702 0.00121961 3.69137e-08 3.10162e-12 0.030057 0.000427528 512.758
1 0.0258168 0.00154352 14.8144 0.00178609 1.0455e-08 5.43378e-11 0.146462 0.00158456 1.5822
2 0.0186458 5.85711e-05 14.8648 3.92919e-05 3.09519e-09 1.48884e-14 0.0383049 5.14937e-07 448.758
2 0.0404748 0.000334816 14.8743 0.000765557 3.47501e-09 1.144e-11 0.102909 1.9632e-05 13.8995
2 0.0380339 0.000284615 14.8507 3.03234e-05 3.71986e-09 1.04791e-11 0.128892 1.40019e-05 12.2338
2 0.0378404 0.000282102 14.8514 1.98533e-05 3.69814e-09 1.05299e-11 0.12789 2.46489e-05 10.4101
2 0.0248148 0.00749377 14.8748 0.000625918 3.67413e-09 1.14871e-11 0.151542 0.000708959 1.02327
1 0.0253169 0.000729144 14.8144 0.000613587 1.04092e-08 3.26104e-11 0.146133 0.000706813 1.68017
1 0.0261024 0.00229879 14.8141 0.002396 1.04642e-08 8.39728e-11 0.146218 0.00202471 1.67374
2 0.0248148 0.00749375 14.8748 0.000625918 3.67413e-09 1.14871e-11 0.151542 0.000708959 1.02327
3 0.12044 0.000296499 14.956 10.5378 7.51696e-10 5.13442e-12 0.044663 7.61682e-05 10.4129
3 0.0295479 0.00394897 14.9174 0.00383578 5.3864e-10 6.38538e-12 0.151068 0.0041911 0.826201
3 0.0253261 0.00442933 14.9208 0.00105934 5.34909e-10 2.76971e-12 0.157127 0.00110831 1.02938
4 0.0279408 0.00456379 14.941 0.00378197 5.16245e-11 6.12537e-13 0.158079 0.00287847 1.32525
4 0.0284087 0.00185492 14.9405 0.00232772 5.16997e-11 3.18897e-13 0.157715 0.00193418 1.24312
5 0.033409 0.00510261 14.9642 0.00431425 3.67849e-11 6.05644e-13 0.159169 0.00426253 0.723423
5 0.0301333 0.00236223 14.9668 0.0010004 3.65331e-11 1.61303e-13 0.163423 0.000981378 1.09549
5 0.0305991 0.00249333 14.9668 0.00283478 3.6651e-11 2.89083e-13 0.163549 0.00229942 1.02113
5 0.034281 0.00253924 14.9637 0.00255961 3.69113e-11 2.89637e-13 0.15865 0.00250905 0.716818
5 0.0359615 0.000705138 14.9589 0.000172125 3.68633e-11 1.59936e-13 0.155448 0.00111022 1.17643
6 0.129128 0.101833 14.9861 0.000824809 1.76439e-11 3.4629e-13 0.0976516 0.00402168 13.8205
6 0.0382611 0.00228009 14.9974 0.00238443 1.35438e-11 9.28138e-14 0.166635 0.00249863 1.26811
6 0.0382611 0.00228009 14.9974 0.00238443 1.35438e-11 9.28138e-14 0.166635 0.00249863 1.26811
7 0.0345026 0.00627236 15.0484 0.00704352 4.87428e-12 8.74843e-14 0.187143 0.00543641 0.90843
7 0.0380184 0.00409872 15.0452 0.00477956 4.9057e-12 5.67213e-14 0.182574 0.00441388 0.750751
7 0.044715 0.00151355 15.0357 0.000687137 4.9626e-12 4.03939e-14 0.175184 0.00232028 0.829376
7 0.0447148 0.00151356 15.0357 0.000686943 4.96258e-12 4.03939e-14 0.175188 0.00232047 0.829376
7 0.0447135 0.00151354 15.0357 0.000686614 4.96257e-12 4.03937e-14 0.175188 0.00232041 0.829376
7 0.044715 0.00151355 15.0357 0.000687137 4.9626e-12 4.03939e-14 0.175184 0.00232028 0.829376
8 0.0550008 0.0120265 15.0901 0.00693033 1.79746e-12 6.251e-14 0.19003 0.00888334 1.02514
8 0.056516 0.00540271 15.0893 0.00468993 1.79869e-12 2.54555e-14 0.186111 0.00578414 0.884696
8 0.0476208 0.00469959 15.0956 0.00519456 1.76131e-12 2.21262e-14 0.193555 0.00530895 1.04923
9 0.0766997 0.00666482 15.1746 0.00413698 8.83214e-13 1.32669e-14 0.212645 0.00619426 1.47442
9 0.0801112 0.00674563 15.1731 0.00390608 8.88019e-13 1.33532e-14 0.208109 0.00655553 1.46381
9 0.0805919 0.00498153 15.1728 0.00357035 8.88735e-13 9.84889e-15 0.207632 0.005508 1.45196
9 0.0805919 0.00498153 15.1728 0.00357035 8.88735e-13 9.84889e-15 0.207632 0.005508 1.45196
9 0.0839764 0.00497764 15.1715 0.00339005 8.92221e-13 9.83839e-15 0.201869 0.00568092 1.33286
9 0.0808859 0.00410346 15.1726 0.00336329 8.86522e-13 8.33721e-15 0.20456 0.00508104 1.27604
10 0.118638 0.00831784 15.4027 0.00629132 1.14018e-13 1.44988e-15 0.280581 0.0124741 1.00996
10 0.121618 0.00774116 15.4026 0.00610175 1.14076e-13 1.44547e-15 0.273544 0.0105373 0.982757
