1 0.0390095 0.000265348 12.674 0.000132068 1.01045e-09 3.69301e-12 0.0879128 6.03954e-06 38.0614
1 0.0348001 0.000385702 12.685 6.60529e-05 1.11068e-09 4.10414e-12 0.124805 5.04357e-05 3.86023
1 0.0322486 0.000473116 12.685 3.48918e-05 1.10778e-09 4.09672e-12 0.1316 0.000818423 3.2743
1 0.0242143 0.000517076 12.7012 0.00105861 1.09413e-09 4.3213e-12 0.14161 0.000778912 0.89722
1 0.0301959 0.00051738 12.6913 7.76388e-05 1.10831e-09 4.2144e-12 0.134794 0.000822948 1.56777
2 0.0291065 0.000524123 12.7415 0.00012571 4.09803e-10 1.59539e-12 0.141831 0.000755545 1.49694
3 0.022853 0.000517062 12.7849 0.0237786 1.44445e-10 5.99196e-13 0.151633 0.000714045 1.28031
3 0.0299786 0.000550082 12.7743 0.000129292 1.46596e-10 5.89457e-13 0.143195 0.000823625 1.51827
4 0.0281323 0.00222529 12.8067 0.00253328 5.27108e-11 4.12834e-13 0.152459 0.00191406 1.36949
4 0.0325169 0.000632471 12.8018 0.000514814 5.3069e-11 2.23166e-13 0.14552 0.000940967 1.02752
5 0.0282916 0.00257898 12.836 0.00088243 3.71454e-11 1.50769e-13 0.160168 0.000810044 1.98602
5 0.0339972 0.00174519 12.8307 0.00192942 3.76482e-11 2.19354e-13 0.153206 0.0018606 1.0197
6 0.0424001 0.0026812 12.8648 0.0022554 1.39909e-11 1.18258e-13 0.157162 0.00255035 1.09161
6 0.0408697 0.00179266 12.8659 0.00189061 1.39278e-11 8.19127e-14 0.158391 0.00202312 1.11305
7 0.0387345 0.00240718 12.9114 0.00264492 4.93344e-12 4.84813e-14 0.176411 0.00237253 1.87259
8 0.0482303 0.00574532 12.959 0.00477165 1.72317e-12 2.75045e-14 0.190997 0.00372454 1.62717
7 0.066981 0.00483635 12.9002 0.00247987 5.3272e-12 7.36368e-14 0.147595 0.00568152 1.0566
8 0.0718237 0.00722938 12.9548 0.00381847 1.86252e-12 3.377e-14 0.171641 0.00787195 1.01815
9 0.117509 0.0137014 13.0549 0.00368871 9.89542e-13 3.26163e-14 0.177344 0.0137078 0.957876
9 0.0907661 0.0057373 13.0544 0.00324681 9.3111e-13 1.04897e-14 0.201499 0.00767825 1.03496
9 0.0926204 0.00515005 13.0543 0.00313337 9.32419e-13 1.02963e-14 0.197901 0.0061172 0.989349
9 0.0923086 0.00541203 13.0543 0.00316149 9.32157e-13 1.03944e-14 0.198486 0.00684429 1.02707
10 0.214227 0.0195026 13.3143 0.0103965 1.35229e-13 4.934e-15 0.186174 0.0223143 0.843333
10 0.181099 0.0113788 13.2998 0.00459643 1.26814e-13 2.26954e-15 0.216805 0.014604 1.02922
10 0.166056 0.00860859 13.2976 0.00451176 1.23762e-13 1.62933e-15 0.231899 0.0119932 0.991725
10 0.159757 0.00738176 13.2978 0.00464587 1.22654e-13 1.41137e-15 0.23872 0.0108563 0.969745
10 0.160964 0.00758226 13.2977 0.00461839 1.2286e-13 1.44474e-15 0.237398 0.0110446 0.979684
