1 0.124568 0.000439027 12.0751 0.000428244 20921.6 35.839 0.131112 1.54803e-05 94.9093
1 0.124568 0.000439027 12.0751 0.000428244 20921.6 35.839 0.131112 1.54803e-05 94.9093
1 0.0605299 0.0013814 12.0855 0.000969993 19058.4 48.3205 0.22454 0.00166514 2.61853
1 0.0529024 0.00130986 12.0884 0.00118028 18950.4 49.0631 0.236554 0.00135862 6.1459
1 0.0987417 0.000451924 12.0659 0.000407844 20430.7 33.7313 0.182477 1.54922e-05 49.3712
1 0.0529032 0.00130983 12.0884 0.00118027 18950.5 49.064 0.236554 0.0013585 6.1459
1 0.0529027 0.00131021 12.0884 0.00118058 18950.4 49.073 0.236554 0.00135897 6.1459
1 0.0513329 0.00256774 12.0911 0.00191334 18707.6 95.9824 0.232514 0.00243511 1.8912
2 0.065885 0.00261822 12.1093 0.00162497 7840.76 38.2326 0.228727 0.00290112 1.3524
3 0.0628165 0.00489943 12.1365 0.00322995 2947.75 27.7972 0.235937 0.00492767 1.26909
4 0.0587287 0.0105459 12.1578 0.00766299 1074.63 21.8218 0.250453 0.00970059 1.52762
5 0.0651424 0.0185594 12.1788 0.0117454 672.189 24.7995 0.249059 0.0167524 0.511575
5 0.0950267 0.0119277 12.1694 0.0046955 716.4 15.9463 0.226158 0.0132772 0.807118
6 0.0650688 0.0369715 12.2207 0.0244367 250.945 20.7432 0.257056 0.0314577 0.667434
6 0.103067 0.0153192 12.2083 0.00690954 271.045 7.60919 0.227159 0.0181245 0.741754
8 0.118417 0.371483 12.4303 0.113786 61.8685 49.465 0.399867 0.179289 0.374428
7 0.0559602 0.163435 12.2807 0.0116258 134.701 4.00312 0.297171 0.0139193 0.99655
7 0.0586409 0.0901797 12.2784 0.0446532 137.499 10.9559 0.305358 0.0487341 1.15144
8 0.0767041 0.289873 12.4479 0.0367989 57.6963 4.12231 0.417916 0.0479953 0.34226
8 0.150362 0.178487 12.4172 0.0396505 63.9492 9.67924 0.368013 0.121764 0.380943
8 0.139009 0.168106 12.4176 0.0509315 63.4294 10.4318 0.383867 0.137787 0.406468
8 0.189491 0.0738753 12.4147 0.0303322 67.569 5.47448 0.339279 0.105601 0.345635
8 0.171094 0.173435 12.4231 0.0330145 64.6082 9.59843 0.333585 0.143932 0.413185
8 0.0612438 0.00724258 12.4821 0.023834 47.6276 0.37808 0.372867 0.0238203 1.38105
8 0.101409 0.0532516 12.441 0.0409387 59.5345 29.4617 0.402259 0.0900881 0.431722
8 0.0612438 0.0176336 12.479 0.0269586 52.3903 0.919335 0.401278 0.0274074 0.662742
8 0.0612438 0.00724259 12.4821 0.023834 47.6276 0.37808 0.372867 0.0238203 1.38105
6 0.103063 0.0153052 12.2082 0.00690747 271.036 7.59301 0.227153 0.0181112 0.741754
7 0.0585579 0.0904581 12.2785 0.0440178 137.468 10.6731 0.305401 0.0480329 1.15144
8 0.0612438 0.00724264 12.4821 0.0238339 47.6276 0.378081 0.372866 0.0238203 1.38105
