1 0.114282 0.000417086 9.99935 0.000447852 13282.3 23.8443 0.12234 1.18027e-05 97.4688
1 0.0626457 0.00097109 10.0141 0.000778869 12325.1 26.4934 0.20161 0.00128837 4.13386
1 0.0494255 0.00251737 10.0218 0.00187742 11965.5 69.2138 0.21284 0.0022511 3.20922
1 0.0494238 0.00251759 10.0218 0.00187765 11965.4 69.2206 0.212842 0.00225122 3.20922
1 0.061837 0.00284001 10.0173 0.00123529 12171.6 69.9011 0.196763 0.00321771 1.44165
2 0.0640197 0.00183795 10.0378 0.00139114 4944.62 19.184 0.20942 0.00224098 1.81163
2 0.0580205 0.00271418 10.0411 0.00196051 4881.83 28.077 0.214633 0.00280561 1.65735
3 0.065515 0.00332569 10.0554 0.00240594 1873.43 13.0227 0.213756 0.00382526 1.08608
4 0.064863 0.00674272 10.0783 0.00481127 693.908 9.50187 0.22628 0.00710313 1.52156
5 0.0402375 0.00586342 10.1225 0.00381892 426.625 4.77295 0.262728 0.00435186 0.975935
6 0.0423611 0.167971 10.1451 0.0072355 169.248 3.21873 0.266728 0.00765116 1.21786
7 0.0517128 0.0121991 10.1807 0.00979344 100.944 2.5788 0.284395 0.0112418 1.29171
8 0.0862578 0.22166 10.3281 0.0491864 62.8632 5.65192 0.458412 0.061553 1.72067
7 0.0782709 0.0243895 10.1709 0.0183651 108.334 4.67428 0.276449 0.0255401 1.35686
8 0.0647835 0.177444 10.3069 0.0258638 56.5858 2.67581 0.426326 0.0319378 1.51521
8 0.0647835 0.177451 10.3069 0.0258638 56.5858 2.6758 0.426326 0.0319377 1.51521
1 0.0618369 0.0028436 10.0173 0.00123639 12171.6 69.9786 0.196763 0.00322151 1.44165
