1 0.0371316 0.000247147 10.5891 0.00112627 1.15669e-09 1.02089e-13 0.0550136 1.36e-05 45.0323
1 0.0395838 0.000452688 10.5907 0.00104621 1.17865e-09 6.00594e-12 0.0830059 4.4141e-05 9.99867
1 0.0357426 0.000384407 10.5684 0.000407574 1.28898e-09 5.13195e-12 0.110631 2.08277e-05 7.39633
1 0.0357426 0.000384404 10.5684 0.000407573 1.28898e-09 5.13186e-12 0.110631 2.08276e-05 7.39633
1 0.0353924 0.000379925 10.5684 8.74467e-05 1.28459e-09 5.13701e-12 0.110609 3.06543e-05 6.1867
1 0.0434949 0.000440373 10.5636 0.0007381 1.2904e-09 5.24494e-12 0.0948075 1.6887e-05 13.637
1 0.0565903 0.000449949 10.5554 0.000724247 1.29529e-09 5.32805e-12 0.0711056 1.34292e-05 29.3906
1 0.0479662 0.000443034 10.5603 0.000729745 1.29303e-09 5.274e-12 0.0869069 1.50501e-05 18.4693
1 0.0324506 0.000368656 10.5684 3.7433e-05 1.28241e-09 5.11002e-12 0.118509 9.64501e-05 4.52428
1 0.0324506 0.000368656 10.5684 3.7433e-05 1.28241e-09 5.11002e-12 0.118509 9.64502e-05 4.52428
1 0.0271917 0.000549853 10.5807 0.000238685 1.28218e-09 5.44376e-12 0.128429 0.000825866 1.25105
2 0.0316856 0.000524459 10.6142 6.46051e-05 4.7223e-10 1.95728e-12 0.127894 0.000778937 2.04906
2 0.0308803 0.000588078 10.6165 8.64374e-05 4.70657e-10 1.95523e-12 0.127602 0.00109492 1.74312
2 0.0321139 0.000551171 10.6145 6.86509e-05 4.71898e-10 1.95986e-12 0.126295 0.00089943 1.97093
2 0.0286619 0.00186317 10.6225 0.00194404 4.70931e-10 3.30116e-12 0.131563 0.00190213 1.08901
3 0.0295763 0.000567851 10.6478 0.000310222 1.67368e-10 7.20598e-13 0.135308 0.000745103 1.04033
4 0.034289 0.00163422 10.6714 0.00167331 6.06658e-11 3.71074e-13 0.138951 0.00162032 1.12346
4 0.0362596 0.00166742 10.6699 0.00160059 6.09155e-11 3.73017e-13 0.136014 0.00174316 0.984991
4 0.0355516 0.000597734 10.6676 0.000136853 6.04603e-11 2.53591e-13 0.13528 0.000859179 1.33854
5 0.0392385 0.00154575 10.6982 0.00155898 4.30438e-11 2.31262e-13 0.143079 0.00185552 0.908105
6 0.0301855 0.00148807 10.7504 0.00205106 1.47977e-11 5.96226e-15 0.163505 0.00184142 3.50529
5 0.0387656 0.00177188 10.6984 0.00160711 4.30356e-11 2.32378e-13 0.14404 0.00254421 0.949851
5 0.0390517 0.00164169 10.6983 0.00158706 4.30424e-11 2.32108e-13 0.143469 0.00213633 0.934643
6 0.0301855 0.00148807 10.7504 0.00205106 1.47977e-11 5.96226e-15 0.163505 0.00184142 3.50529
6 0.0363355 0.00156063 10.7441 0.00180888 1.51601e-11 8.40249e-15 0.158363 0.00211627 2.50506
6 0.0438433 0.00168798 10.7376 0.00154575 1.56321e-11 1.80939e-14 0.152167 0.00257213 1.63774
7 0.0314676 0.000133793 10.793 0.00209599 4.75417e-12 1.55027e-15 0.17363 0.00191209 5.48007
7 0.0271687 0.000314824 10.807 0.0021243 4.96656e-12 1.98789e-15 0.187849 0.00216782 4.31859
7 0.0291357 0.000175397 10.8038 0.00209151 4.76703e-12 1.34614e-15 0.183141 0.00192672 6.37508
7 0.0303986 0.00124846 10.8016 0.000428638 4.8024e-12 1.28012e-15 0.185277 0.00209722 6.91393
7 0.0650187 0.00336285 10.7782 0.00257456 5.89506e-12 5.95758e-14 0.153686 0.00413293 0.951897
8 0.0809278 0.0135715 10.8345 0.00319399 2.15308e-12 9.16285e-14 0.161401 0.0102978 0.926492
8 0.0877524 0.00630253 10.8347 0.00284706 2.19837e-12 3.75437e-14 0.156538 0.00651995 0.836481
8 0.0877524 0.00630253 10.8347 0.00284706 2.19837e-12 3.75437e-14 0.156538 0.00651995 0.836481
8 0.0814279 0.00486982 10.8353 0.00305516 2.16162e-12 2.84373e-14 0.161728 0.00557995 0.926569
8 0.08203 0.0052632 10.8351 0.00305015 2.16353e-12 2.88396e-14 0.160661 0.00684301 0.98365
9 0.133867 0.00813691 10.941 0.00310321 1.12393e-12 2.14582e-14 0.165111 0.00826876 0.805985
9 0.133867 0.00813691 10.941 0.00310321 1.12393e-12 2.14582e-14 0.165111 0.00826876 0.805985
9 0.126104 0.00626875 10.9389 0.0026354 1.1021e-12 1.52666e-14 0.171348 0.00694531 0.793861
9 0.11546 0.00440992 10.9385 0.00273274 1.07733e-12 1.03828e-14 0.181075 0.00555714 0.845889
9 0.113736 0.00474791 10.9388 0.00278607 1.07569e-12 1.05216e-14 0.184653 0.00655083 0.794686
9 0.115089 0.00454629 10.9387 0.00275015 1.07685e-12 1.04499e-14 0.181756 0.00596458 0.815127
9 0.109101 0.00390907 10.9395 0.00287284 1.06462e-12 9.18098e-15 0.187811 0.00542432 0.938024
10 0.256727 0.0155249 11.2317 0.0104856 1.58485e-13 4.41552e-15 0.15256 0.0211099 0.751802
10 0.240758 0.0135743 11.2206 0.00785293 1.53492e-13 3.52962e-15 0.169072 0.018114 0.826879
10 0.212255 0.0103168 11.2068 0.00505135 1.45879e-13 2.33043e-15 0.198454 0.013981 0.936271
