1 0.0271917 0.000549853 10.5807 0.000238685 1.28218e-09 5.44376e-12 0.128429 0.000825866 1.25105
2 0.0286619 0.00186317 10.6225 0.00194404 4.70931e-10 3.30116e-12 0.131563 0.00190213 1.08901
3 0.0295763 0.000567851 10.6478 0.000310222 1.67368e-10 7.20598e-13 0.135308 0.000745103 1.04033
4 0.0355516 0.000597734 10.6676 0.000136853 6.04603e-11 2.53591e-13 0.13528 0.000859179 1.33854
5 0.0390517 0.00164169 10.6983 0.00158706 4.30424e-11 2.32108e-13 0.143469 0.00213633 0.934643
6 0.0438433 0.00168798 10.7376 0.00154575 1.56321e-11 1.80939e-14 0.152167 0.00257213 1.63774
7 0.0650187 0.00336285 10.7782 0.00257456 5.89506e-12 5.95758e-14 0.153686 0.00413293 0.951897
8 0.08203 0.0052632 10.8351 0.00305015 2.16353e-12 2.88396e-14 0.160661 0.00684301 0.98365
9 0.109101 0.00390907 10.9395 0.00287284 1.06462e-12 9.18098e-15 0.187811 0.00542432 0.938024
10 0.212255 0.0103168 11.2068 0.00505135 1.45879e-13 2.33043e-15 0.198454 0.013981 0.936271
