1 0.0301959 0.00051738 12.6913 7.76388e-05 1.10831e-09 4.2144e-12 0.134794 0.000822948 1.56777
2 0.0291065 0.000524123 12.7415 0.00012571 4.09803e-10 1.59539e-12 0.141831 0.000755545 1.49694
3 0.0299786 0.000550082 12.7743 0.000129292 1.46596e-10 5.89457e-13 0.143195 0.000823625 1.51827
4 0.0325169 0.000632471 12.8018 0.000514814 5.3069e-11 2.23166e-13 0.14552 0.000940967 1.02752
5 0.0339972 0.00174519 12.8307 0.00192942 3.76482e-11 2.19354e-13 0.153206 0.0018606 1.0197
6 0.0408697 0.00179266 12.8659 0.00189061 1.39278e-11 8.19127e-14 0.158391 0.00202312 1.11305
7 0.066981 0.00483635 12.9002 0.00247987 5.3272e-12 7.36368e-14 0.147595 0.00568152 1.0566
8 0.0718237 0.00722938 12.9548 0.00381847 1.86252e-12 3.377e-14 0.171641 0.00787195 1.01815
9 0.0923086 0.00541203 13.0543 0.00316149 9.32157e-13 1.03944e-14 0.198486 0.00684429 1.02707
10 0.181099 0.0113788 13.2998 0.00459643 1.26814e-13 2.26954e-15 0.216805 0.014604 1.02922
