1 0.0444724 0.0141853 16.1161 0.00136944 4020.74 17.6014 0.295309 0.00220735 1.07946
2 0.0453445 0.0163904 16.1494 0.0020156 1717.25 9.82772 0.306431 0.00301042 1.23833
2 0.0857981 0.00801774 16.1238 0.00381887 1845.33 22.3805 0.275503 0.00890658 1.67177
3 0.0480817 0.00855501 16.1669 0.00332079 660.293 6.23351 0.310404 0.00503542 1.48474
4 0.0839242 0.0251998 16.1736 0.0140141 279.426 10.5573 0.299063 0.0257699 0.944137
4 0.0835702 0.0323273 16.174 0.0170382 279.503 14.5229 0.299805 0.030768 0.952939
4 0.0914092 0.0328765 16.1722 0.0135408 281.675 14.4282 0.290004 0.0333767 0.916989
4 0.0897755 0.0256764 16.1725 0.0119267 280.665 10.4567 0.290904 0.0279193 0.90984
4 0.0839242 0.0251998 16.1736 0.0140141 279.426 10.5573 0.299063 0.0257699 0.944137
5 0.0541108 0.134726 16.201 0.0385723 166.578 7.67567 0.349622 0.0317751 0.86417
5 0.0608103 0.030436 16.1953 0.0336367 167.527 7.50558 0.34119 0.0327049 0.876111
5 0.0953112 0.0290406 16.1795 0.0155985 171.718 6.67401 0.291907 0.0358671 0.776388
5 0.152559 0.0313473 16.1748 0.00975412 187.185 8.96855 0.232499 0.0423296 0.634786
5 0.108007 0.037708 16.1688 0.0153298 180.086 10.4726 0.303224 0.0379113 0.841741
6 0.0763745 0.0485115 16.2107 0.0389445 59.4389 4.36161 0.322609 0.0552768 1.20822
6 0.0763745 0.0485115 16.2107 0.0389445 59.4389 4.36161 0.322609 0.0552768 1.20822
7 0.0545843 0.027785 16.2495 0.0241601 29.0666 1.45757 0.369086 0.0307401 1.52825
8 0.107598 0.271961 16.3133 0.111519 12.5572 1.21476 0.504476 0.0772529 2.93244
8 0.0903308 0.0782394 16.3996 0.0980648 12.8652 0.752158 0.565192 0.0736414 2.24323
8 0.0379849 0.0498478 13.8929 9.75862 1285.67 978.481 0.154338 0.0974852 2.3434
8 0.0852228 0.235191 16.4373 0.106605 12.9268 1.2956 0.578685 0.0756198 2.44133
8 0.159837 0.097585 16.3453 0.104166 12.528 0.712962 0.443742 0.0854056 3.06612
8 0.0852459 0.231408 16.3804 0.0918919 13.2967 1.15971 0.575388 0.0736809 2.47154
8 0.0852459 0.231408 16.3804 0.0918919 13.2967 1.15971 0.575388 0.0736809 2.47154
8 0.562785 0.0198321 16.1425 0.263192 11.9923 0.233765 0.844177 0.042283 7.04352
8 0.154338 0.019822 16.2027 0.0916206 11.4659 0.177466 0.490163 0.0775842 2.86154
1 0.0444724 0.0141853 16.1161 0.00136944 4020.74 17.6014 0.295309 0.00220735 1.07946
2 0.0857981 0.00801773 16.1238 0.00381887 1845.33 22.3805 0.275503 0.00890656 1.67177
2 0.0453445 0.0164517 16.1494 0.0020148 1717.25 9.82661 0.306431 0.00301015 1.23833
3 0.0480817 0.00855501 16.1669 0.00332079 660.293 6.23351 0.310404 0.00503542 1.48474
3 0.0698445 0.0160234 16.1517 0.0108822 690.378 17.0675 0.297909 0.0158305 1.53929
3 0.0490632 0.104662 16.1674 0.0225646 665.979 23.6714 0.313398 0.0194448 1.51363
3 0.0521816 0.00486663 16.1592 0.00304004 680.459 5.19005 0.321392 0.00414747 1.6666
3 0.0498028 0.00925517 16.1635 0.00308307 673.351 5.35514 0.318769 0.00432675 1.56987
3 0.0739009 0.0123568 16.1462 0.00867254 704.33 13.1285 0.30338 0.0124947 1.6332
3 0.0522079 0.0243351 16.1624 0.0188955 679.032 19.9663 0.3195 0.0163952 1.59531
3 0.116095 0.00718544 16.1312 0.00346785 753.291 8.06545 0.266913 0.00956107 1.98678
3 0.0899499 0.0101995 16.1383 0.00565241 723.047 10.9617 0.2904 0.0113206 1.73634
3 0.0518098 0.00468286 16.1602 0.00323427 672.507 5.82647 0.314781 0.00466249 1.5883
3 0.0424295 0.104306 16.1774 0.00392661 643.848 7.73993 0.306734 0.0061338 1.46253
4 0.0839242 0.0251998 16.1736 0.0140141 279.426 10.5573 0.299063 0.0257698 0.944137
4 0.0835702 0.0323273 16.174 0.0170382 279.503 14.5229 0.299805 0.030768 0.952939
5 0.108007 0.037708 16.1688 0.0153298 180.086 10.4726 0.303224 0.0379113 0.841741
5 0.152559 0.0313473 16.1748 0.00975412 187.185 8.96855 0.232499 0.0423296 0.634786
5 0.0953112 0.0290406 16.1795 0.0155985 171.718 6.67401 0.291907 0.0358671 0.776388
5 0.0556917 0.0146356 16.1935 0.00785483 169.098 2.86552 0.359657 0.00956779 1.15149
5 0.0608103 0.030436 16.1953 0.0336367 167.527 7.50558 0.34119 0.0327049 0.876111
5 0.0541108 0.134726 16.201 0.0385723 166.578 7.67566 0.349622 0.0317751 0.86417
6 0.0763745 0.0485115 16.2107 0.0389445 59.4389 4.36161 0.322609 0.0552768 1.20822
7 0.0545843 0.027785 16.2495 0.0241601 29.0666 1.45757 0.369086 0.0307401 1.52825
7 0.193321 0.182232 16.273 0.0799539 35.9908 9.1403 0.242655 0.249895 1.52345
7 0.0515366 0.174386 16.2915 0.0267879 28.5797 1.96277 0.362014 0.0404637 1.46546
8 0.154338 0.019822 16.2027 0.0916206 11.4659 0.177466 0.490163 0.0775842 2.86154
8 0.0903308 0.0782394 16.3996 0.0980648 12.8652 0.752158 0.565192 0.0736414 2.24323
8 0.562785 0.0198321 16.1425 0.263192 11.9923 0.233765 0.844177 0.042283 7.04352
7 0.0515368 0.174086 16.2915 0.02682 28.5798 1.96346 0.362018 0.040476 1.46546
8 0.562785 0.0198321 16.1425 0.263192 11.9923 0.233765 0.844177 0.042283 7.04352
8 0.01 0.000809565 17.1051 0.00559438 19.5141 1.89523 0.581646 0.00737927 3.43662
8 0.01 0.0132408 16.635 0.0593511 12.4069 1.21361 0.6 0.0459615 3.5997
8 0.15 0.138791 16.2339 0.155805 15.6751 1.50922 0.6 0.371337 2.84558
8 0.0100004 0.107707 13.5919 0.248298 5573.4 1321.61 0.6 0.469707 3.32649
8 0.15 0.139061 16.2553 0.188633 15.5286 1.72377 0.6 0.406821 3.32369
8 0.15 0.139177 16.2552 0.188664 15.5298 1.72404 0.6 0.406176 3.32369
8 0.15 0.139057 16.2553 0.188632 15.5286 1.72376 0.6 0.406838 3.32369
8 0.15 0.139177 16.2552 0.188664 15.5298 1.72404 0.6 0.406176 3.32369
8 0.15 0.139177 16.2552 0.188664 15.5298 1.72404 0.6 0.406176 3.32369
8 0.0100001 0.107224 13.4952 0.0868907 6034.43 779.009 0.599997 0.49269 3.32714
8 0.15 0.139177 16.2552 0.188664 15.5298 1.72404 0.6 0.406176 3.32369
8 0.15 0.139699 16.2595 0.204359 15.5324 1.71487 0.6 0.400344 3.65579
6 0.0763745 0.0488614 16.2107 0.0389784 59.4411 4.37826 0.322583 0.058038 1.20822
7 0.01 0.00159548 16.3179 0.00398183 27.3734 1.14141 0.399611 0.0066725 1.39138
8 0.15 0.1397 16.2595 0.20436 15.5324 1.71487 0.6 0.400334 3.65579
7 0.0150546 0.0883593 16.3475 0.0916621 27.1898 2.30092 0.390532 0.0543112 1.4647
8 0.15 0.139699 16.2595 0.204361 15.5324 1.71487 0.6 0.400343 3.65579
6 0.0763691 0.0545978 16.2107 0.0396133 59.4418 4.43932 0.322586 0.0594084 1.20822
7 0.207816 0.0905926 16.0175 0.0228431 50.0452 6.99062 0.60675 0.125114 2.1904
7 0.218124 0.0617428 16.0175 0.00819568 46.3922 5.93111 0.569073 0.0995361 2.19509
8 0.734083 0.70518 16.0349 1.08276 33.3429 38.8076 0.470427 1.10746 3.61512
8 0.999995 0.703267 16.035 1.2795 57.1108 4.92299 0.0545084 0.91414 2.76421
8 0.999995 0.703267 16.035 1.2795 57.1108 4.92299 0.0545084 0.91414 2.76421
8 0.01 0.000693598 15.2446 0.0152872 54.3456 4.76343 1.47858 0.0183937 2.02027
8 0.1 0.0810413 16.035 0.145184 29.7317 10.7834 1.06161 0.453544 2.4275
8 0.01 0.050287 14.035 0.102257 5327.38 424.254 0.05 1.05447 3.48867
8 0.010738 0.000954338 14.035 0.222817 5499.58 3339.48 0.05 1.30699 3.21082
8 0.01 0.000610826 15.7248 0.00636721 36.7219 2.84753 1.43162 0.0169238 2.22721
8 0.08 0.0672177 16.035 0.173302 31.3264 13.8671 1.17576 0.886151 2.10863
8 0.08 0.0696602 15.8821 0.628959 39.0319 3.02932 1.5 1.32684 2.15063
8 0.1 0.0895843 15.8821 0.641378 39.4522 3.06161 1.5 1.3586 2.14232
8 0.0999995 0.0685966 16.3599 0.058641 17.3507 1.50857 0.490426 0.077237 1.4585
8 0.06 0.033228 16.4018 0.0591308 16.8274 1.49868 0.531438 0.0751293 1.46344
1 0.0444724 0.0132321 16.116 0.00136344 4023.04 17.5094 0.295504 0.00218787 1.09105
2 0.0453445 0.0194493 16.1494 0.00201051 1718.93 9.76996 0.306578 0.00297278 1.23372
3 0.0424294 0.0299193 16.1765 0.0039297 646.619 7.75733 0.307898 0.00611406 1.46291
3 0.0480817 0.00855626 16.1663 0.0033227 662.344 6.23249 0.310895 0.00500205 1.4704
4 0.0836574 0.0324043 16.1737 0.0170783 280.933 14.5989 0.300376 0.0308661 0.949671
5 0.0550283 0.127033 16.1996 0.040411 168.34 8.20646 0.351541 0.0326063 0.855257
6 0.0845109 0.0468806 16.2025 0.0328801 61.7706 4.26752 0.316119 0.0535554 1.18773
5 0.0550583 0.126145 16.1995 0.0400005 168.342 8.13461 0.35151 0.0323206 0.855257
6 0.0845441 0.0469554 16.2025 0.0329122 61.7744 4.27461 0.316072 0.0536294 1.18773
6 0.0562642 0.0235061 16.2251 0.027303 59.2588 3.84228 0.342293 0.0365948 1.19857
7 0.0744711 0.00264019 16.2054 0.0186717 26.1438 0.103286 0.332388 0.0180815 2.28903
8 0.0779847 0.00661706 16.401 0.0382578 9.00037 0.0523958 0.397824 0.0348439 4.19289
8 0.143832 0.185041 16.3336 0.0881912 17.9604 14.0153 0.443305 0.172075 1.45625
8 0.192616 0.0368437 16.3255 0.0517377 18.0007 2.15324 0.350931 0.191085 1.47425
7 0.182654 0.0510388 16.196 0.0291164 40.1735 4.51551 0.33512 0.182876 1.17659
6 0.159207 0.0159465 16.1888 0.0138204 67.2399 2.89399 0.218033 0.0131987 1.3063
7 0.172316 0.0172813 16.1941 0.0265823 39.2158 20.1394 0.33512 0.165444 1.17815
8 0.115562 0.0275533 16.3584 0.0439923 13.5006 0.189624 0.350931 0.0194067 1.99195
7 0.172316 0.0172813 16.1941 0.0265823 39.2158 20.1394 0.33512 0.165444 1.17815
7 0.189916 0.0167248 16.193 0.0248631 39.2158 2.57009 0.297885 0.0316976 1.20583
6 0.175566 0.0156063 16.1915 0.0138968 68.6177 2.91829 0.193807 0.011129 1.37186
