1 0.0697611 0.00111899 16.9102 0.00107629 1.37362e-09 9.18435e-12 0.099555 0.000131417 3.91596
1 0.0901194 1.6785e-05 16.4686 0.00172545 4.49659e-09 1.9572e-12 0.0162215 0.0037636 94.1214
1 0.070282 0.00112143 16.9118 0.00109712 1.36895e-09 9.30065e-12 0.0965389 0.000142225 3.92468
1 0.0694274 0.00190226 16.9152 0.00127653 1.41647e-09 1.58093e-11 0.111578 0.000478211 1.90082
1 0.102567 2.15139e-05 16.4637 0.00193794 4.37709e-09 2.55435e-12 0.018462 0.00948188 104.766
1 0.106445 2.02109e-05 16.4352 0.00201536 4.33088e-09 2.28399e-12 0.0191602 0.00891508 123.473
1 0.112272 1.81405e-05 16.3695 0.00218606 4.25944e-09 2.21026e-12 0.101045 0.00336346 156.832
1 0.114675 1.80846e-05 16.3531 0.00224037 4.22979e-09 2.14168e-12 0.103208 0.00338285 165.256
1 0.0712831 0.00188809 16.9178 0.00130357 1.41118e-09 1.60486e-11 0.105134 0.000617923 1.61624
1 0.108046 1.58124e-05 16.3579 0.00210944 4.2415e-09 1.49744e-12 0.0194483 0.00383711 167.475
1 0.114132 1.6857e-05 16.3385 0.0022443 4.21273e-09 1.8852e-12 0.102719 0.0132755 172.658
1 0.0712798 0.00188796 16.9178 0.00130352 1.41115e-09 1.60477e-11 0.105134 0.000617342 1.61624
2 0.0718841 0.00122336 16.9781 0.00105228 6.40181e-10 4.43399e-12 0.108564 0.000160946 3.22275
2 0.0682932 0.00120584 16.9761 0.00100837 6.38376e-10 4.27842e-12 0.116866 0.000138963 2.94129
2 0.110322 1.33792e-05 16.4071 0.00202437 1.8901e-09 5.52902e-13 0.0198579 0.0033646 189.51
2 0.0722755 0.00122123 16.9788 0.00105879 6.39498e-10 4.45181e-12 0.106952 0.000168831 3.14718
2 0.071511 0.00158357 16.9814 0.0011517 6.50581e-10 5.79252e-12 0.115117 0.000341693 1.87218
2 0.0746044 0.00161508 16.9844 0.00120935 6.50159e-10 6.07736e-12 0.106621 0.000450958 1.69152
3 0.073425 0.00118891 17.0284 0.000989239 6.86551e-10 4.51445e-12 0.112078 0.000152204 3.35206
3 0.0673326 0.00208284 17.0332 0.00123994 6.95144e-10 8.2398e-12 0.129748 0.000679404 1.45884
3 0.119231 1.79589e-05 16.5381 0.00192576 2.00068e-09 1.42419e-12 0.107308 0.000582668 148.879
3 0.0743818 0.00219758 17.0357 0.00133357 7.05135e-10 8.98481e-12 0.118625 0.000878302 1.49855
3 0.124128 1.71466e-05 16.5091 0.0020087 1.98037e-09 1.31871e-12 0.111715 0.000536348 170.591
3 0.0760253 0.00224858 17.037 0.00136083 7.05741e-10 9.30271e-12 0.114915 0.000983165 1.51362
4 0.0760046 0.00116079 17.0605 0.00102783 3.241e-10 2.10899e-12 0.10769 0.000155899 3.70997
4 0.0764463 0.00149768 17.0631 0.00111804 3.31515e-10 2.72176e-12 0.115631 0.000329393 2.04281
4 0.0747533 0.00203201 17.0656 0.00129973 3.36375e-10 3.80728e-12 0.124703 0.000931701 1.24261
5 0.0795561 0.00120787 17.0917 0.0011095 2.26564e-10 1.51354e-12 0.105753 0.000188768 5.93904
5 0.0799468 0.00199539 17.0948 0.00132107 2.35073e-10 2.55238e-12 0.120002 0.000726054 2.19958
5 0.0803579 0.00151873 17.0932 0.00118164 2.31167e-10 1.8991e-12 0.11235 0.000341341 3.63863
5 0.0716859 0.00143904 17.0879 0.00105924 2.29614e-10 1.71188e-12 0.131656 0.000228609 3.27882
5 0.0768536 0.00147119 17.0895 0.00111153 2.31499e-10 1.78912e-12 0.122329 0.000265499 3.54898
5 0.0795561 0.00120787 17.0917 0.0011095 2.26564e-10 1.51354e-12 0.105753 0.000188768 5.93904
5 0.0799445 0.00199535 17.0948 0.00132105 2.35072e-10 2.55234e-12 0.120002 0.000725243 2.19958
6 0.127088 0.00696009 17.1516 0.001492 9.25941e-11 1.28539e-12 0.116888 0.0539781 18.9635
6 0.0710007 0.00159673 17.1247 0.00114984 7.76488e-11 6.13734e-13 0.141913 0.000249733 3.23666
6 0.0768787 0.00161724 17.1257 0.00120041 7.84883e-11 6.35719e-13 0.132451 0.000283218 3.42208
5 0.0799454 0.00199538 17.0948 0.00132106 2.35071e-10 2.55236e-12 0.120002 0.000725906 2.19958
6 0.0815091 0.00165179 17.1283 0.0012598 7.88077e-11 6.65726e-13 0.122318 0.000346329 3.44895
6 0.0748263 0.00290333 17.1318 0.00166705 7.94547e-11 1.24354e-12 0.139941 0.00166876 1.66218
7 0.0861683 0.00240907 17.1578 0.00206444 1.61033e-11 1.87912e-13 0.126545 0.000811993 1.66903
7 0.0848146 0.00290204 17.1595 0.00219761 1.62127e-11 2.26789e-13 0.132844 0.00147945 1.39404
8 0.0910455 0.00334041 17.208 0.00282204 4.62145e-12 7.44783e-14 0.121283 0.00153086 1.74202
8 0.0852707 0.00326842 17.1996 0.00256841 4.66515e-12 6.91441e-14 0.142617 0.000937422 1.84366
8 0.0870448 0.00284039 17.1979 0.00248077 4.64647e-12 6.05825e-14 0.136754 0.000669164 2.00696
8 0.0852707 0.00326842 17.1996 0.00256841 4.66515e-12 6.91441e-14 0.142617 0.000937422 1.84366
8 0.0870448 0.00284039 17.1979 0.00248077 4.64647e-12 6.05825e-14 0.136754 0.000669164 2.00696
8 0.0815208 0.00383174 17.2009 0.00268826 4.64677e-12 8.14394e-14 0.148935 0.00125609 1.77779
9 0.104109 0.00429231 17.2837 0.00294138 2.31387e-12 4.02599e-14 0.162366 0.00334609 0.92213
9 0.107526 0.00311169 17.2818 0.00258818 2.29905e-12 2.84884e-14 0.150715 0.00136837 1.07776
10 0.05689 0.208712 17.4984 0.0109467 1.58908e-13 4.72325e-15 0.249088 0.00940736 1.02226
10 0.13984 0.00464128 17.5034 0.00537135 2.01202e-13 3.08746e-15 0.192232 0.00198753 1.21664
10 0.14813 0.0198811 17.5154 0.00685407 2.09755e-13 7.37862e-15 0.208122 0.149687 1.00594
1 0.0712776 0.00188787 16.9178 0.00130349 1.41114e-09 1.6047e-11 0.105134 0.000616672 1.61624
1 0.0712797 0.00188795 16.9178 0.00130352 1.41115e-09 1.60476e-11 0.105134 0.00061727 1.61624
1 0.0702406 0.000859741 16.9176 0.00126826 1.4012e-09 1.2624e-11 0.105134 0.000520788 1.6239
1 0.0617098 0.000860813 16.9133 0.00117933 1.35758e-09 1.95041e-12 0.115146 0.000216321 2.09299
1 0.0695935 0.000813204 16.9102 0.00107576 1.37161e-09 2.07869e-11 0.099555 0.000129514 3.91667
1 0.0301955 0.000575052 16.9517 0.00128293 4.31331e-09 2.68289e-11 1.10743 0.00384603 94.6093
1 0.01 0.000201487 16.631 0.00160418 4.15528e-09 3.12921e-11 1.04438 0.00610156 93.7615
1 0.0695935 0.000813204 16.9102 0.00107576 1.37161e-09 2.07869e-11 0.099555 0.000129514 3.91667
1 0.0697837 0.00112442 16.925 0.00128698 1.31222e-09 1.01592e-11 0.0811075 0.000285587 2.86426
1 0.0617098 0.000860813 16.9133 0.00117933 1.35758e-09 1.95041e-12 0.115146 0.000216321 2.09299
1 0.0736457 0.0019793 16.9249 0.00146028 1.3869e-09 1.78423e-11 0.0923101 0.00118032 1.42713
2 0.0689027 0.000802316 16.9838 0.00116493 6.24804e-10 6.59671e-13 0.106621 0.000221431 2.02365
2 0.0643601 0.000816967 16.9841 0.00123766 6.2187e-10 8.27333e-13 0.114867 0.00029145 1.56578
3 0.0646082 0.000749048 17.0351 0.00119644 6.55194e-10 6.83679e-13 0.114915 0.00024255 2.22926
3 0.0682629 0.000738138 17.0357 0.00113514 6.58136e-10 4.8426e-13 0.108564 0.000195785 2.54149
3 0.0568468 0.00074119 17.0295 0.00101955 6.31615e-10 2.30223e-13 0.122338 8.39202e-05 3.98559
3 0.0654511 0.00073825 17.0337 0.00109472 6.5141e-10 3.7252e-13 0.112017 0.000148918 2.92229
3 0.0708798 0.000720335 17.0328 0.00103892 6.57579e-10 4.38771e-13 0.102696 0.00012883 3.73986
3 0.0758395 0.00124972 17.0401 0.00118061 6.66688e-10 5.114e-12 0.0930364 0.000280256 3.06717
3 0.063074 0.000714761 17.0277 0.000976838 6.33237e-10 1.67276e-13 0.112078 6.53321e-05 5.59753
3 0.073425 0.00118891 17.0284 0.000989239 6.86551e-10 4.51445e-12 0.112078 0.000152204 3.35206
3 0.114107 1.11516e-05 16.4467 0.00220398 1.97274e-09 5.64255e-13 0.102694 0.0757506 216.187
3 0.0756194 0.00121418 17.0328 0.00105616 6.81534e-10 4.75158e-12 0.102696 0.000195793 3.30979
3 0.0743835 0.00219753 17.0357 0.00133359 7.05141e-10 8.98447e-12 0.118625 0.00087891 1.49855
4 0.074758 0.00203151 17.0656 0.00129976 3.36384e-10 3.8063e-12 0.124703 0.000933051 1.24261
5 0.0799469 0.00199481 17.0948 0.00132105 2.35074e-10 2.55161e-12 0.120002 0.000725801 2.19958
5 0.0803554 0.00151862 17.0932 0.00118161 2.31166e-10 1.89899e-12 0.11235 0.000341053 3.63863
5 0.0778847 0.0028674 17.0971 0.00166185 2.39019e-10 3.85092e-12 0.13025 0.00289214 1.16212
6 0.0748264 0.00290214 17.1318 0.00166688 7.94549e-11 1.24299e-12 0.139941 0.00166802 1.66215
7 0.0848158 0.00290203 17.1595 0.00219764 1.62127e-11 2.26779e-13 0.132844 0.00148017 1.39399
8 0.0815093 0.00383157 17.2009 0.00268827 4.64591e-12 8.14225e-14 0.14893 0.0012563 1.77713
8 0.0815093 0.00383157 17.2009 0.00268827 4.64591e-12 8.14225e-14 0.14893 0.0012563 1.77713
8 0.0751572 0.0038142 17.1999 0.00258345 4.59808e-12 7.91474e-14 0.159226 0.00109788 1.75346
8 0.0866924 0.00390362 17.2034 0.00280827 4.66895e-12 8.48535e-14 0.138257 0.00146052 1.88409
9 0.107519 0.00273755 17.2814 0.00250743 2.24986e-12 2.48376e-14 0.145669 0.000938097 1.26874
8 0.0866929 0.00390378 17.2034 0.00280828 4.66895e-12 8.48627e-14 0.138257 0.00146069 1.88409
9 0.107519 0.0027376 17.2814 0.00250743 2.24986e-12 2.48392e-14 0.145669 0.000938107 1.26874
10 0.151279 0.0224738 17.5231 0.00715021 1.55139e-13 6.06675e-15 0.207744 0.0354107 1.02582
