1 0.173213 0.00535314 16.1487 0.00352279 2.53641e-09 3.75179e-11 0.225998 0.0034627 1.31785
1 0.155809 0.00427277 16.1238 0.00284836 2.54665e-09 2.69466e-11 0.27469 0.000991534 1.42935
2 0.178365 0.00485247 16.1496 0.00323406 1.27566e-09 1.59846e-11 0.243338 0.0021701 1.00611
3 0.175726 0.0047009 16.1698 0.00297259 1.43906e-09 1.73606e-11 0.252739 0.00180543 1.50351
3 0.173271 0.00395054 16.1645 0.00269862 1.43116e-09 1.41344e-11 0.254741 0.00112995 1.63571
4 0.180719 0.0044587 16.1803 0.00295368 7.24207e-10 8.09234e-12 0.254478 0.0017225 1.31443
5 0.182202 0.0042756 16.1989 0.002924 2.66607e-10 2.79555e-12 0.257481 0.00146601 1.33584
6 0.193537 0.00593142 16.2525 0.00371361 9.67831e-11 1.4164e-12 0.260457 0.00579952 0.921121
6 0.185053 0.00557795 16.2433 0.0035075 9.68794e-11 1.28991e-12 0.282779 0.00360377 0.983412
6 0.187084 0.00428678 16.2403 0.00307233 9.56149e-11 9.62205e-13 0.266341 0.00150538 1.18374
7 0.200548 0.00614614 16.2577 0.00513496 2.47255e-11 3.32797e-13 0.267803 0.00262722 0.956947
8 0.202506 0.00702928 16.3017 0.00644172 7.35815e-12 1.17456e-13 0.250667 0.00401609 1.00616
9 0.233384 0.00387647 16.3495 0.00610219 3.76942e-12 1.62826e-14 0.285936 0.00226454 1.23219
9 0.228348 0.0039194 16.3501 0.00620446 3.74659e-12 9.90978e-15 0.294403 0.00236326 1.17488
10 0.116369 0.00550954 16.5521 0.0221198 4.79325e-13 2.66887e-15 0.472373 0.0158001 1.69809
10 0.116762 0.00238437 16.4771 0.0172994 4.78552e-13 1.19308e-15 0.487239 0.0149629 1.94227
10 0.109286 0.00277918 16.526 0.0161068 4.78601e-13 8.39961e-16 0.491789 0.0050636 2.41358
10 0.111977 0.00939346 16.6044 0.0197772 4.82888e-13 2.27506e-15 0.468866 0.00505862 1.9677
10 0.137852 0.000798186 16.4033 0.0145697 4.54136e-13 3.49458e-16 0.537288 0.0118573 3.15082
10 0.230379 0.0095932 16.3948 0.016534 4.44839e-13 1.97636e-16 0.426887 0.00104864 5.14173
10 0.14841 0.00123945 16.3575 0.0141337 4.73585e-13 6.76113e-16 0.508993 0.0118725 1.9547
10 0.114111 0.00448307 16.4818 0.0195479 4.81209e-13 2.30775e-15 0.484934 0.0156149 1.61156
10 0.116415 0.00911441 16.565 0.0176023 4.83425e-13 1.0259e-15 0.465228 0.00238592 2.62443
10 0.111509 0.00932282 16.5227 0.018484 4.83034e-13 2.10225e-15 0.466361 0.00367455 1.92422
10 0.114111 0.00448307 16.4818 0.0195479 4.81209e-13 2.30775e-15 0.484934 0.0156149 1.61156
1 0.156741 0.00434333 16.1223 0.00289446 1.41166e-09 1.5131e-11 0.275047 0.00102071 1.304
1 0.156741 0.00434333 16.1223 0.00289446 1.41166e-09 1.5131e-11 0.275047 0.00102071 1.304
1 0.160362 0.00331986 16.1159 0.0026282 1.39111e-09 1.1406e-11 0.255039 0.000484006 1.76527
1 0.167023 0.0044935 16.1285 0.00305302 1.41869e-09 1.60979e-11 0.253859 0.00122782 1.3499
1 0.160872 0.00610925 16.1314 0.00355347 1.42857e-09 2.27107e-11 0.272814 0.00234724 1.1765
2 0.180103 0.00526505 16.1611 0.00336827 6.61957e-10 8.86505e-12 0.252278 0.00231271 1.25621
3 0.175828 0.00442544 16.1822 0.00287908 7.01274e-10 7.60777e-12 0.267927 0.00141179 1.25269
4 0.187499 0.00535575 16.1987 0.0033108 3.40591e-10 4.41903e-12 0.273218 0.00275549 1.17077
5 0.188718 0.00502661 16.2159 0.00324258 1.16948e-10 1.39772e-12 0.274146 0.00216135 1.2064
6 0.19574 0.00516205 16.2578 0.00345247 3.9714e-11 4.6265e-13 0.286442 0.00232038 1.11846
7 0.213009 0.00752702 16.2812 0.00571114 9.72198e-12 1.50869e-13 0.292028 0.0044429 1.04376
8 0.214178 0.00849493 16.3299 0.00707773 2.69004e-12 4.85677e-14 0.274135 0.00495084 1.004
9 0.204197 0.0041083 16.4049 0.00651104 1.17356e-12 1.05422e-15 0.333018 0.00127539 1.50368
10 0.115245 0.00635647 16.5715 0.019078 1.34414e-13 1.06205e-15 0.489362 0.0167666 1.36564
10 0.116839 0.0020133 16.6302 0.0173067 1.34675e-13 2.75171e-16 0.494183 0.0153664 2.1648
10 0.11574 0.00951129 16.7234 0.0184859 1.35225e-13 1.57753e-16 0.486778 0.00158561 3.65067
10 0.1 0.070245 16.7453 0.0220816 1.86412e-13 5.32903e-15 0.777549 0.0370118 1.17288
10 0.1 0.073049 16.741 0.0210742 1.87591e-13 4.92377e-15 0.785169 0.0344141 1.1554
10 0.1 0.0730493 16.741 0.0210742 1.87591e-13 4.92377e-15 0.785168 0.0344141 1.1554
10 0.0489976 0.0070105 16.8096 0.0154013 1.82766e-13 4.04855e-15 0.835515 0.0202269 1.15392
10 0.06 0.0466941 16.7962 0.0211409 1.828e-13 4.91531e-15 0.816545 0.0340526 1.16204
10 0.01 0.000825612 16.9218 0.00319826 1.77195e-13 2.96882e-15 0.854498 0.0072799 1.15633
10 0.01 0.000703686 16.9686 0.00257017 1.71496e-13 2.77435e-15 0.803257 0.00342157 1.26936
10 0.01 0.000701498 16.9009 0.00263483 1.81284e-13 2.91105e-15 0.889263 0.00405034 1.15457
10 0.01 0.000833432 16.9051 0.00313708 1.77038e-13 2.89353e-15 0.854179 0.00617497 1.1548
10 0.01 0.000701498 16.9009 0.00263482 1.81284e-13 2.91069e-15 0.889263 0.00404771 1.15457
10 0.01 0.00180108 16.9139 0.00291672 1.70051e-13 2.68866e-15 0.802253 0.00431249 1.18275
10 0.2 0.039243 16.6802 0.0189179 1.96349e-13 4.20436e-15 0.670319 0.0292912 1.14163
10 0.2 0.0392228 16.6802 0.0189179 1.9635e-13 4.20437e-15 0.670318 0.0292911 1.14163
10 0.06 0.000425618 16.7528 0.0140086 1.45016e-13 2.34637e-15 0.5 0.00039754 4.10024
10 0.06 0.0400345 16.8092 0.0194052 1.78135e-13 4.06951e-15 0.784045 0.0271957 1.18184
9 0.06 0.031196 16.4736 0.00761546 1.14111e-12 1.38485e-14 0.563273 0.0110715 1.02631
8 0.06 0.0358317 16.3791 0.00764615 2.34877e-12 3.24624e-14 0.460931 0.0106373 0.896899
7 0.06 0.00756633 16.3346 0.00582962 8.33999e-12 9.10002e-14 0.458246 0.00840197 1.01084
7 0.1 0.0121965 16.2996 0.00584557 8.68837e-12 9.19926e-14 0.422021 0.00863458 0.980335
8 0.0974068 0.084775 16.346 0.0228181 2.43207e-12 8.19853e-14 0.424917 0.0331911 0.891206
9 0.1 0.0167306 16.4321 0.0076581 1.17842e-12 1.3875e-14 0.526474 0.0112739 1.00959
10 0.1 0.00146188 16.7282 0.0153038 1.6692e-13 2.63502e-15 0.6 0.00131367 1.71607
7 0.1 0.0122236 16.2996 0.00584568 8.68845e-12 9.19646e-14 0.42203 0.00864795 0.980335
8 0.0974298 0.0847288 16.346 0.0227076 2.43214e-12 8.17043e-14 0.424902 0.0338218 0.891206
9 0.1 0.00191108 16.4366 0.00699869 1.15477e-12 9.30614e-15 0.5 0.00207663 1.04841
10 0.1 0.000559986 16.7067 0.0141845 1.55138e-13 2.48728e-15 0.5 0.000544099 3.1557
10 0.1 0.00088854 16.6933 0.0150094 1.51563e-13 2.52922e-15 0.5 0.000793361 2.72411
6 0.0952329 0.0675193 16.2718 0.0143006 3.51501e-11 1.10752e-12 0.388112 0.0207445 0.966633
7 0.055 0 0 0 4.19399e-310 0 0.4 0 116.058
7 0.055 0 0 0 4.19399e-310 0 0.775 0 116.058
7 0.055 0 0 0 4.19399e-310 0 0.775 0 116.058
7 0.1 0.0121779 16.2996 0.00584567 8.68851e-12 9.19692e-14 0.422031 0.00865952 0.980335
7 0.0999999 0.0121576 16.2996 0.0058458 8.68855e-12 9.19706e-14 0.422041 0.00865995 0.980335
7 0.1 0.0122229 16.2996 0.00584563 8.68837e-12 9.19651e-14 0.422023 0.00865898 0.980335
7 0.138869 0.0274117 16.2823 0.00977004 9.04544e-12 2.7915e-13 0.384214 0.0294916 0.968293
8 0.0974848 0.0377435 16.3459 0.0263578 2.43232e-12 9.42675e-14 0.424869 0.0402047 0.891206
9 0.160393 0.0373536 16.4005 0.0135706 1.23745e-12 4.17336e-14 0.46579 0.0430256 0.997752
10 0.01 0.000685344 16.9185 0.00449843 1.73859e-13 2.9176e-15 0.828488 0.00491181 1.15283
10 0.01 0.000829222 16.9218 0.00315418 1.77195e-13 2.88178e-15 0.854499 0.00699403 1.15633
10 0.2 0.124 16.6742 0.0221948 1.98393e-13 5.31159e-15 0.687275 0.0384641 1.15311
1 0.0100003 0.117711 16.2361 0.00370329 1.13029e-09 1.01928e-11 0.390897 0.00494173 0.963369
1 0.0606254 3.25651e-05 16.1139 0.00330734 5.89038e-10 3.63746e-14 0.218018 0.00244241 64.7716
1 0.160872 0.00610924 16.1314 0.00355346 1.42857e-09 2.27107e-11 0.272814 0.00234714 1.17649
1 0.167023 0.0044933 16.1285 0.00305301 1.41869e-09 1.60973e-11 0.253859 0.00122781 1.3499
2 0.180103 0.005265 16.1611 0.00336827 6.61957e-10 8.86499e-12 0.252278 0.00231263 1.25621
3 0.175828 0.00442551 16.1822 0.00287908 7.01274e-10 7.60785e-12 0.267927 0.00141179 1.25269
4 0.187499 0.00535623 16.1987 0.00331084 3.40591e-10 4.41937e-12 0.273218 0.0027555 1.17077
5 0.188718 0.0050266 16.2159 0.00324258 1.16948e-10 1.39772e-12 0.274146 0.00216135 1.2064
6 0.19574 0.00516183 16.2578 0.00345249 3.9714e-11 4.62635e-13 0.286442 0.00232038 1.11846
6 0.19574 0.00516183 16.2578 0.00345249 3.9714e-11 4.62635e-13 0.286442 0.00232038 1.11846
8 0.214178 0.00849493 16.3299 0.00707773 2.69004e-12 4.85677e-14 0.274135 0.00495083 1.004
9 0.204197 0.0041083 16.4049 0.00651104 1.17356e-12 1.05422e-15 0.333018 0.00127539 1.50368
10 0.115738 0.00951216 16.7234 0.0184863 1.35225e-13 1.57757e-16 0.486778 0.00158554 3.65067
10 0.108173 0.00126037 16.7357 0.0176931 1.35225e-13 1.26682e-16 0.557615 0.015237 3.34225
10 0.108173 0.0012603 16.7357 0.0176932 1.35225e-13 1.2668e-16 0.557621 0.0152465 3.34225
10 0.108173 0.0189664 16.7384 0.0207694 1.80301e-13 1.7199e-15 0.731824 0.0198378 1.19591
