1 0.0712798 0.00188796 16.9178 0.00130352 1.41115e-09 1.60477e-11 0.105134 0.000617342 1.61624
2 0.0746044 0.00161508 16.9844 0.00120935 6.50159e-10 6.07736e-12 0.106621 0.000450958 1.69152
3 0.0760253 0.00224858 17.037 0.00136083 7.05741e-10 9.30271e-12 0.114915 0.000983165 1.51362
4 0.0747533 0.00203201 17.0656 0.00129973 3.36375e-10 3.80728e-12 0.124703 0.000931701 1.24261
5 0.0799445 0.00199535 17.0948 0.00132105 2.35072e-10 2.55234e-12 0.120002 0.000725243 2.19958
6 0.0748263 0.00290333 17.1318 0.00166705 7.94547e-11 1.24354e-12 0.139941 0.00166876 1.66218
7 0.0848146 0.00290204 17.1595 0.00219761 1.62127e-11 2.26789e-13 0.132844 0.00147945 1.39404
8 0.0815208 0.00383174 17.2009 0.00268826 4.64677e-12 8.14394e-14 0.148935 0.00125609 1.77779
9 0.107526 0.00311169 17.2818 0.00258818 2.29905e-12 2.84884e-14 0.150715 0.00136837 1.07776
10 0.14813 0.0198811 17.5154 0.00685407 2.09755e-13 7.37862e-15 0.208122 0.149687 1.00594
