1 0.167023 0.0044933 16.1285 0.00305301 1.41869e-09 1.60973e-11 0.253859 0.00122781 1.3499
2 0.180103 0.005265 16.1611 0.00336827 6.61957e-10 8.86499e-12 0.252278 0.00231263 1.25621
3 0.175828 0.00442551 16.1822 0.00287908 7.01274e-10 7.60785e-12 0.267927 0.00141179 1.25269
4 0.187499 0.00535623 16.1987 0.00331084 3.40591e-10 4.41937e-12 0.273218 0.0027555 1.17077
5 0.188718 0.0050266 16.2159 0.00324258 1.16948e-10 1.39772e-12 0.274146 0.00216135 1.2064
6 0.19574 0.00516183 16.2578 0.00345249 3.9714e-11 4.62635e-13 0.286442 0.00232038 1.11846
6 0.19574 0.00516183 16.2578 0.00345249 3.9714e-11 4.62635e-13 0.286442 0.00232038 1.11846
8 0.214178 0.00849493 16.3299 0.00707773 2.69004e-12 4.85677e-14 0.274135 0.00495083 1.004
9 0.204197 0.0041083 16.4049 0.00651104 1.17356e-12 1.05422e-15 0.333018 0.00127539 1.50368
10 0.115245 0.00635647 16.5715 0.019078 1.34414e-13 1.06205e-15 0.389362 0.0167666 1.36564

