1 0.0736457 0.0019793 16.9249 0.00146028 1.3869e-09 1.78423e-11 0.0923101 0.00118032 1.42713
2 0.0643601 0.000816967 16.9841 0.00123766 6.2187e-10 8.27333e-13 0.114867 0.00029145 1.56578
3 0.0743835 0.00219753 17.0357 0.00133359 7.05141e-10 8.98447e-12 0.118625 0.00087891 1.49855
4 0.074758 0.00203151 17.0656 0.00129976 3.36384e-10 3.8063e-12 0.124703 0.000933051 1.24261
5 0.0778847 0.0028674 17.0971 0.00166185 2.39019e-10 3.85092e-12 0.13025 0.00289214 1.16212
6 0.0748264 0.00290214 17.1318 0.00166688 7.94549e-11 1.24299e-12 0.139941 0.00166802 1.66215
7 0.0848158 0.00290203 17.1595 0.00219764 1.62127e-11 2.26779e-13 0.132844 0.00148017 1.39399
8 0.0751572 0.0038142 17.1999 0.00258345 4.59808e-12 7.91474e-14 0.159226 0.00109788 1.75346
9 0.107519 0.0027376 17.2814 0.00250743 2.24986e-12 2.48392e-14 0.145669 0.000938107 1.26874
10 0.151279 0.0224738 17.5231 0.00715021 1.55139e-13 6.06675e-15 0.207744 0.0354107 1.02582
