1 0.155809 0.00427277 16.1238 0.00284836 2.54665e-09 2.69466e-11 0.27469 0.000991534 1.42935
2 0.178365 0.00485247 16.1496 0.00323406 1.27566e-09 1.59846e-11 0.243338 0.0021701 1.00611
3 0.173271 0.00395054 16.1645 0.00269862 1.43116e-09 1.41344e-11 0.254741 0.00112995 1.63571
4 0.180719 0.0044587 16.1803 0.00295368 7.24207e-10 8.09234e-12 0.254478 0.0017225 1.31443
5 0.182202 0.0042756 16.1989 0.002924 2.66607e-10 2.79555e-12 0.257481 0.00146601 1.33584
6 0.187084 0.00428678 16.2403 0.00307233 9.56149e-11 9.62205e-13 0.266341 0.00150538 1.18374
7 0.200548 0.00614614 16.2577 0.00513496 2.47255e-11 3.32797e-13 0.267803 0.00262722 0.956947
8 0.202506 0.00702928 16.3017 0.00644172 7.35815e-12 1.17456e-13 0.250667 0.00401609 1.00616
9 0.228348 0.0039194 16.3501 0.00620446 3.74659e-12 9.90978e-15 0.294403 0.00236326 1.17488
10 0.114111 0.00448307 16.4818 0.0195479 4.81209e-13 2.30775e-15 0.484934 0.0156149 1.61156
ss