1 0.186676 0.00373127 20.1182 0.00232517 4460.72 48.1783 0.217161 0.000957451 3.74745
1 0.186676 0.00373129 20.1182 0.00232518 4460.72 48.1786 0.217161 0.000957453 3.74745
1 0.0613963 4.39046e-06 20.0882 0.000954466 1750.48 0.0113872 0.276284 8.39787e-05 1179.98
1 0.0613963 4.39046e-06 20.0882 0.000954466 1750.48 0.0113872 0.276284 8.39787e-05 1179.98
1 0.169562 0.0023311 20.0694 0.00156663 4497.05 24.892 0.276284 0.000159976 15.0955
1 0.138646 0.00240548 20.0698 0.00153936 4309.31 24.5157 0.306982 0.000197602 11.9855
1 0.116069 0.00201137 20.0909 0.00178684 4096.74 20.0907 0.312483 0.00131128 4.28324
1 0.102256 0.00607375 20.0954 0.00300025 4037.27 31.6144 0.329014 0.00668898 4.17269
1 0.0581016 0.00105763 20.1163 0.00154299 3827.87 13.1631 0.371716 0.00216911 4.58057
1 0.0805671 0.00254364 20.1086 0.00245698 3842.5 24.8116 0.334142 0.00302104 2.33264
1 0.0664749 0.0100735 20.1182 0.00823662 3776.37 51.8996 0.347869 0.00933185 2.2873
1 0.0569731 0.0105947 20.125 0.0106354 3745.08 55.2419 0.3588 0.0095109 2.52764
1 0.0569723 0.0105986 20.125 0.0106396 3745.07 55.2579 0.3588 0.00952104 2.52764
1 0.0569711 0.0105688 20.125 0.0106091 3745.06 55.1021 0.358802 0.00950042 2.52764
1 0.0569707 0.0105619 20.125 0.0106022 3745.05 55.0674 0.358803 0.00949434 2.52764
1 0.0545885 0.00363773 20.1262 0.00164118 3716.46 15.2196 0.358061 0.00250999 2.52178
1 0.0545885 0.00364564 20.1262 0.00164116 3716.45 15.2189 0.35806 0.00250973 2.52178
1 0.0545885 0.00361427 20.1262 0.00164117 3716.44 15.219 0.358059 0.00250973 2.52178
1 0.07558 0.0127678 20.1162 0.00782642 3757.91 67.8219 0.329077 0.0119785 1.6882
1 0.0755829 0.0128219 20.1162 0.00785761 3757.93 68.0989 0.329074 0.0120258 1.6882
2 0.0574201 0.00615729 20.1667 0.00297512 1601.23 13.6699 0.364755 0.00520361 1.37552
2 0.0536468 0.0111501 20.1714 0.00277234 1600.09 11.1313 0.370336 0.00436065 1.29921
3 0.0582633 0.0310955 20.1795 0.00483335 607.643 8.38924 0.362839 0.00835521 1.04816
3 0.0689762 0.0353546 20.1732 0.0296519 623.293 33.4123 0.360191 0.0322786 1.00657
4 0.0937002 0.0686343 20.1669 0.0395369 245.272 26.4362 0.365648 0.0665008 1.0271
5 0.242759 0.856754 20.5864 0.0496106 340.812 266.862 0.689174 0.104617 1.00369
5 0.0713425 0.0418233 20.1839 0.0121059 144.602 3.366 0.418337 0.0163228 1.29606
5 0.152297 0.0488653 20.1769 0.0123316 150.651 10.3291 0.29004 0.0587157 0.964237
6 0.113333 0.0782979 20.2223 0.0297844 50.9404 6.78174 0.304064 0.0847681 0.697382
7 0.0998824 0.01656 20.2385 0.0347353 26.9819 0.675541 0.45115 0.0329223 1.41356
7 0.0764001 0.0236901 20.2544 0.0310873 26.4719 0.799706 0.476681 0.0318854 1.30946
8 0.108124 0.0704778 20.3962 0.0883112 10.5962 1.60006 0.407876 0.263101 0.969105
