1 0.04594 0.00279916 16.9871 0.00211077 1.28732e-09 8.57587e-12 0.208195 0.00196585 1.04847
1 0.0436461 0.00833763 16.9879 0.00676399 1.26716e-09 2.80233e-11 0.205155 0.0064893 0.841707
1 0.0344332 0.00481069 16.9956 0.00574513 1.23591e-09 1.44327e-11 0.21127 0.00450563 0.911476
2 0.0395467 0.108562 17.0709 0.00147664 5.70907e-10 2.83787e-12 0.212191 0.00148897 1.06154
2 0.0469524 0.00729789 17.0653 0.00552007 5.79601e-10 1.07336e-11 0.204706 0.00603676 1.00415
3 0.0417166 0.00838415 17.1275 0.00157433 6.11796e-10 3.14552e-12 0.215628 0.00164491 1.35322
1 0.0344332 0.00481069 16.9956 0.00574513 1.23591e-09 1.44327e-11 0.21127 0.00450563 0.911476
2 0.0469524 0.00729789 17.0653 0.00552007 5.79601e-10 1.07336e-11 0.204706 0.00603675 1.00415
3 0.0373043 0.00833771 17.1313 0.00129465 6.04594e-10 2.67015e-12 0.218382 0.00137049 1.25293
4 0.0405276 0.00497406 17.1616 0.0014323 2.87285e-10 1.34376e-12 0.220573 0.00145882 0.887843
4 0.0392121 0.00837423 17.1631 0.00826391 2.85833e-10 5.9592e-12 0.220414 0.00682827 0.92897
5 0.0416822 0.0221157 17.1916 0.00961221 2.00686e-10 5.51477e-12 0.224866 0.00793664 0.77963
5 0.0459386 0.00377398 17.189 0.003869 2.03279e-10 1.63921e-12 0.222756 0.00396478 1.03723
6 0.0452001 0.0120592 17.2312 0.00202477 6.82467e-11 4.25393e-13 0.230013 0.00214108 0.880542
6 0.0473999 0.00523464 17.2308 0.00505172 6.88658e-11 7.78861e-13 0.229643 0.00478413 0.901525
7 0.0627607 0.010934 17.2598 0.00736753 1.44966e-11 3.513e-13 0.224968 0.0093792 1.0998
8 0.0479792 0.0167202 17.3115 0.00383638 4.08596e-12 4.4195e-14 0.256839 0.00411975 0.988736
8 0.0484278 0.0132159 17.3121 0.013713 4.0995e-12 1.13733e-13 0.257522 0.0115186 0.987837
9 0.0749035 0.0192006 17.3923 0.00992516 2.00442e-12 8.34705e-14 0.263441 0.0134777 1.26408
9 0.0943366 0.0128609 17.3849 0.00528058 2.07082e-12 5.15026e-14 0.24421 0.0117257 1.13285
10 0.124335 0.0478102 17.6245 0.0115134 1.63271e-13 1.45899e-14 0.300497 0.0346382 1.07957
10 0.154022 0.0228798 17.6255 0.0081677 1.72254e-13 5.81632e-15 0.277737 0.0254485 1.03485
