1 0.643379 0.174171 17.8263 0.040067 252.649 28.783 1.31616 0.0938085 1.04177
1 0.0812549 0.00175783 17.7238 0.00198921 617.642 2.60782 0.391284 0.00295364 0.958326
2 0.0720226 0.0229572 17.9394 0.00962093 649.163 6.22638 0.437857 0.00717854 1.23944
3 0.0869821 0.00117211 18.0737 0.00241713 822.418 3.09556 0.461354 0.00242926 1.44245
3 0.083644 0.00730861 18.0791 0.00787882 814.631 6.60405 0.454895 0.00673191 1.07241
4 0.0840598 0.00929823 18.1496 0.00976463 838.242 8.80429 0.470499 0.00771876 0.932201
5 0.0858891 0.0097445 18.2006 0.0102779 799.363 8.29024 0.485207 0.00846965 1.06012
6 0.0995943 0.0127288 18.2461 0.0113003 641.768 8.90009 0.48329 0.0103363 1.02511
7 0.131623 0.0209377 18.2192 0.0131375 280.719 6.33477 0.46439 0.0181088 0.888366
8 0.111053 0.0175237 18.1922 0.0147632 204.905 3.63376 0.461146 0.0178769 1.07255
9 0.147317 0.0152255 18.2133 0.00863788 348.725 5.43287 0.44879 0.015166 0.9292
10 0.28877 0.0285823 18.215 0.0111038 257.808 6.92101 0.353383 0.0410925 0.936065
1 0.076725 0.00989442 16.1085 0.00914834 612.881 7.60631 0.386254 0.00922917 1.04762
2 0.100444 0.00605416 16.1275 0.00520153 662.508 4.48155 0.397867 0.00716998 1.12544
3 0.0916436 0.00758439 16.1572 0.00710583 817.69 6.36436 0.441931 0.00808737 1.12634
4 0.1038 0.00814554 16.1368 0.00669316 851.179 6.84117 0.447865 0.00883677 1.08607
5 0.114715 0.00749055 16.1425 0.00586087 816.842 5.81097 0.451659 0.00871226 0.882415
6 0.110871 0.0102877 16.1965 0.0083092 647.615 6.34886 0.47121 0.0108016 0.998718
7 0.129899 0.0179108 16.2082 0.0118474 277.296 4.82315 0.452356 0.0189303 0.969395
8 0.118025 0.019837 16.2403 0.0146508 206.803 4.14794 0.455501 0.0201331 0.945293
9 0.0895282 0.209576 16.4182 0.0289954 326.622 10.7976 0.499904 0.0231283 1.19483
10 0.28844 0.0285742 16.6287 0.0123302 254.964 6.22938 0.348333 0.0477295 1.06635
