1 0.228523 0.00612047 16.126 0.00349315 5618.9 86.9725 0.26387 0.00339786 2.63969
1 0.059327 4.66748e-06 16.1637 0.000916721 1971.62 0.0142162 0.249796 0.000826722 1184.48
1 0.059327 4.66748e-06 16.1637 0.00091672 1971.62 0.0142162 0.249796 0.000826721 1184.48
1 0.209227 0.00344615 16.1165 0.00214069 5355.83 43.8079 0.266971 0.00152822 2.54157
1 0.105668 0.00088813 16.1317 0.00138703 3943.24 0.221377 0.266971 4.62599e-05 51.3766
1 0.0877793 0.000923859 16.1387 0.00150924 3943.24 0.281515 0.296635 5.38835e-05 38.3863
1 0.164152 0.00105984 16.1111 0.00195159 4929.05 2.60405 0.296635 0.000458962 3.36631
1 0.124151 0.0187068 16.1044 0.00467667 4887.47 105.955 0.370371 0.0188708 1.83081
1 0.124178 0.0191456 16.1044 0.00476327 4887.66 109.795 0.370353 0.0192591 1.83081
2 0.0688668 0.180522 16.1716 0.00393832 1949.23 23.0109 0.431136 0.00801083 1.39109
2 0.109167 0.04135 16.149 0.0175584 2068.92 107.407 0.405737 0.0362973 1.35218
3 0.170446 0.0991268 16.1602 0.0105742 870.154 116.985 0.373641 0.0917414 1.02482
3 0.153919 0.0715232 16.1598 0.00778111 850.761 77.2301 0.386791 0.0675307 0.936426
3 0.147684 0.0498419 16.16 0.0088528 843.357 48.1157 0.391435 0.0502147 0.893296
4 0.0816701 0.223389 16.2041 0.0549116 321.927 26.4958 0.486612 0.0523348 0.802054
4 0.0685075 0.26154 16.2159 0.0101248 316.885 6.4005 0.495406 0.0162781 0.73524
5 0.0807929 0.23285 16.2194 0.0147 195.099 5.47102 0.506155 0.0241269 0.967831
5 0.212038 0.0247427 16.2113 0.0177709 212.016 113.684 0.329977 0.0551221 0.832076
5 0.170121 0.0761797 16.2055 0.0149996 202.28 16.1062 0.374393 0.0919799 0.915233
6 0.0694705 0.208283 16.2439 0.0246407 66.6979 3.45899 0.471133 0.040479 0.986962
7 0.116969 0.0113008 16.1339 0.0338675 35.0392 0.42891 0.451149 0.0304845 1.06029
8 0.100978 0.0173871 16.3635 0.0548233 17.5349 0.204312 0.506339 0.052816 2.65248
8 0.100978 0.017776 16.3637 0.0546348 17.5349 0.205018 0.504891 0.403912 2.65252
8 0.100978 0.00745367 16.3741 0.0443353 11.69 0.0644397 0.436125 0.0396855 6.07268
8 0.174045 0.0230172 16.2868 0.0371596 11.69 0.0627514 0.252445 0.0118826 6.89581
8 0.131481 0.023176 16.2399 0.0359017 11.7647 0.0948562 0.243719 0.00772788 5.56776
8 0.0974874 0.0064919 16.28 0.0411941 11.7647 0.0938997 0.357248 0.0366191 4.72279
8 0.282682 0.144499 16.2132 0.0912586 26.2233 6.24666 0.38995 0.234356 1.70255
8 0.0974874 0.0217247 16.2724 0.0560063 17.6471 0.466197 0.437231 0.053689 1.95804
