1 0.0344332 0.00481069 16.9956 0.00574513 1.23591e-09 1.44327e-11 0.21127 0.00450563 0.911476
2 0.0469524 0.00729789 17.0653 0.00552007 5.79601e-10 1.07336e-11 0.204706 0.00603675 1.00415
3 0.0373043 0.00833771 17.1313 0.00129465 6.04594e-10 2.67015e-12 0.218382 0.00137049 1.25293
4 0.0392121 0.00837423 17.1631 0.00826391 2.85833e-10 5.9592e-12 0.220414 0.00682827 0.92897
5 0.0459386 0.00377398 17.189 0.003869 2.03279e-10 1.63921e-12 0.222756 0.00396478 1.03723
6 0.0473999 0.00523464 17.2308 0.00505172 6.88658e-11 7.78861e-13 0.229643 0.00478413 0.901525
7 0.0627607 0.010934 17.2598 0.00736753 1.44966e-11 3.513e-13 0.224968 0.0093792 1.0998
8 0.0484278 0.0132159 17.3121 0.013713 4.0995e-12 1.13733e-13 0.257522 0.0115186 0.987837
9 0.0943366 0.0128609 17.3849 0.00528058 2.07082e-12 5.15026e-14 0.24421 0.0117257 1.13285
10 0.154022 0.0228798 17.6255 0.0081677 1.72254e-13 5.81632e-15 0.277737 0.0254485 1.03485
