1 0.076725 0.00989442 16.1085 0.00914834 612.881 7.60631 0.386254 0.00922917 1.04762
2 0.100444 0.00605416 16.1275 0.00520153 662.508 4.48155 0.397867 0.00716998 1.12544
3 0.0916436 0.00758439 16.1572 0.00710583 817.69 6.36436 0.441931 0.00808737 1.12634
4 0.1038 0.00814554 16.1368 0.00669316 851.179 6.84117 0.447865 0.00883677 1.08607
5 0.114715 0.00749055 16.1425 0.00586087 816.842 5.81097 0.451659 0.00871226 0.882415
6 0.110871 0.0102877 16.1965 0.0083092 647.615 6.34886 0.47121 0.0108016 0.998718
7 0.129899 0.0179108 16.2082 0.0118474 277.296 4.82315 0.452356 0.0189303 0.969395
8 0.118025 0.019837 16.2403 0.0146508 206.803 4.14794 0.455501 0.0201331 0.945293
9 0.0895282 0.209576 16.4182 0.0289954 326.622 10.7976 0.499904 0.0231283 1.19483
10 0.28844 0.0285742 16.6287 0.0123302 254.964 6.22938 0.348333 0.0477295 1.06635
