1 0.227702 1.0633e-05 15.3564 0.00189994 11050.7 29.0806 0.182162 0.000133808 231.437
1 0.151402 0.00682754 15.9954 0.00398503 4910.85 34.4689 0.27417 0.0119422 1.34379
1 0.0699095 0.0235868 16.0082 0.0157994 4428.92 131.365 0.356933 0.021985 0.852252
1 0.0600933 0.00226243 16.005 0.00176308 4518.75 20.3866 0.38492 0.00294057 1.9274
1 0.0538788 0.00969233 16.0164 0.00200758 4400.1 24.6984 0.37846 0.00347521 1.1738
2 0.129789 0.0137929 16.0124 0.00456442 2042.56 28.2127 0.313252 0.0196385 1.60879
2 0.111176 0.0137625 16.0068 0.00502897 2034.59 31.3116 0.344967 0.0160087 1.638
2 0.0695404 0.0238697 16.0274 0.0193465 1924.41 58.375 0.379821 0.0221497 1.64116
3 0.158172 0.0140969 16.0038 0.005656 833.575 12.682 0.304121 0.0214064 1.40835
3 0.0544256 0.143598 16.0416 0.00494214 726.048 8.73017 0.394843 0.00781296 1.15918
4 0.182017 0.0188033 16.044 0.00886271 332.601 6.85168 0.281668 0.0314448 1.17856
5 0.17554 0.0256819 16.0418 0.0141885 200.122 5.72819 0.293648 0.0447662 0.879227
5 0.153072 0.034142 16.0398 0.013518 195.039 7.25446 0.319602 0.0499187 0.90161
5 0.118944 0.0394266 16.0266 0.0204326 194.865 8.36532 0.386398 0.0460462 0.957875
6 0.178405 0.0540814 16.0564 0.023634 73.0665 4.53269 0.292715 0.0842642 0.905609
7 0.0675579 0.166855 16.1067 0.0319455 33.1581 2.11436 0.437093 0.0468767 1.16197
8 0.143549 0.0795026 16.2213 0.0768053 21.0287 3.39662 0.39845 0.233069 1.43788
