1 0.0872248 0.00472695 17.7827 0.0050642 707.8 4.0755 0.409433 0.00528256 1.24875
2 0.0823955 0.00113192 18.0368 0.00236787 745.839 2.86717 0.453967 0.00246185 1.65531
2 0.0792296 0.00272989 18.041 0.0023502 739.871 2.87012 0.449575 0.00250951 1.37659
2 0.0807206 0.0104664 18.0411 0.010485 737.85 9.24991 0.442423 0.00867604 1.24033
3 0.0866971 0.00116565 18.2231 0.00227982 929.386 3.27018 0.474971 0.00240696 1.35142
4 0.100184 0.000973161 18.3224 0.00264419 993.327 3.7264 0.491247 0.00271822 1.92085
4 0.0843669 0.0118226 18.3369 0.0106426 966.266 10.5355 0.488028 0.00838677 1.35797
4 0.0843669 0.0118226 18.3369 0.0106426 966.266 10.5355 0.488028 0.00838677 1.35797
5 0.0875793 0.0205272 18.3838 0.00240982 922.533 3.30507 0.494992 0.00262492 1.03031
6 0.0905946 0.00329079 18.4044 0.00275868 741.666 3.00162 0.49926 0.00299503 0.934985
7 0.138003 0.0153806 18.3143 0.00960038 322.626 5.10352 0.453867 0.0151464 1.17568
8 0.132129 0.0133788 18.1841 0.00943497 241.883 3.16456 0.442724 0.015988 1.23941
9 0.153641 0.00846631 18.0352 0.00542725 405.156 3.25758 0.410242 0.0130872 1.06916
10 0.189919 0.00825458 17.7998 0.0181493 263.473 5.28768 0.399945 0.0208847 1.05354
10 0.178132 0.00778239 17.7688 0.0138161 271.279 4.16488 0.445173 0.0254254 0.998933
10 0.175519 0.0147459 17.7729 0.0107962 270.303 3.57939 0.447234 0.025823 0.934565
1 0.149004 0.00369336 16.8539 0.0341014 164.814 11.474 0.044935 0.15056 1.06582
1 0.0867653 0.0101444 16.1112 0.00813552 699.821 8.8243 0.390232 0.00938555 1.02403
2 0.0991065 0.0152211 16.1724 0.0102434 748.257 14.369 0.414776 0.0123499 0.88936
2 0.109704 0.0068411 16.1665 0.00521708 758.56 5.71676 0.407065 0.00749902 0.894608
3 0.0973649 0.0197403 16.2081 0.0140295 929.46 22.8798 0.448607 0.0147618 0.857437
3 0.102641 0.00846536 16.2042 0.00692182 934.774 8.30382 0.444364 0.00836073 0.808952
4 0.120266 0.00893203 16.1873 0.00601464 991.342 9.03274 0.443786 0.00904305 1.18755
5 0.132243 0.0075256 16.1663 0.00487877 954.434 6.93117 0.443192 0.00853047 0.819275
6 0.120351 0.00934325 16.1939 0.00680303 758.705 6.81434 0.464633 0.0099209 0.922124
7 0.141398 0.0148482 16.185 0.00870292 322.564 4.7002 0.441794 0.0164065 0.953725
8 0.136388 0.0161567 16.1947 0.0099646 243.151 3.95721 0.436741 0.0176604 0.998982
9 0.130042 0.0164345 16.3499 0.00989541 394.282 7.21332 0.442014 0.0145463 1.16358
10 0.14709 0.0535332 16.6675 0.0215287 255.173 17.5261 0.457431 0.0361091 1.26169
10 0.213615 0.0347977 16.6595 0.00912114 276.582 10.8354 0.408047 0.0310805 1.27268
10 0.212946 0.026934 16.6579 0.00966384 279.663 6.69574 0.424931 0.0349771 1.06657
