1 0.0867653 0.0101444 16.1112 0.00813552 699.821 8.8243 0.390232 0.00938555 1.02403
2 0.109704 0.0068411 16.1665 0.00521708 758.56 5.71676 0.407065 0.00749902 0.894608
3 0.102641 0.00846536 16.2042 0.00692182 934.774 8.30382 0.444364 0.00836073 0.808952
4 0.120266 0.00893203 16.1873 0.00601464 991.342 9.03274 0.443786 0.00904305 1.18755
5 0.132243 0.0075256 16.1663 0.00487877 954.434 6.93117 0.443192 0.00853047 0.819275
6 0.120351 0.00934325 16.1939 0.00680303 758.705 6.81434 0.464633 0.0099209 0.922124
7 0.141398 0.0148482 16.185 0.00870292 322.564 4.7002 0.441794 0.0164065 0.953725
8 0.136388 0.0161567 16.1947 0.0099646 243.151 3.95721 0.436741 0.0176604 0.998982
9 0.130042 0.0164345 16.3499 0.00989541 394.282 7.21332 0.442014 0.0145463 1.16358
10 0.212946 0.026934 16.6579 0.00966384 279.663 6.69574 0.424931 0.0349771 1.06657
