1 0.0331537 0.00467902 16.8329 0.00521038 1.07084e-09 1.30088e-11 0.190489 0.00454353 1.38267
2 0.0461115 0.0131341 16.8834 0.00739121 5.56215e-10 2.24764e-11 0.183191 0.00983934 1.13581
3 0.0392643 0.00921449 16.932 0.00697944 6.10276e-10 1.48804e-11 0.186437 0.00820092 1.31666
4 0.0580661 0.00748401 16.9519 0.00316194 3.14594e-10 6.13117e-12 0.17665 0.00712847 0.99015
5 0.0521516 0.00686687 16.9786 0.00396531 2.18189e-10 3.79729e-12 0.187443 0.00633013 0.997238
6 0.0352252 0.00839192 17.0204 0.00152365 7.13906e-11 4.09497e-13 0.208775 0.00196542 1.02105
7 0.0543205 0.0112326 17.0413 0.00717737 1.54228e-11 4.24835e-13 0.202927 0.00992851 1.39098
8 0.0408092 0.0120715 17.089 0.00338902 4.38424e-12 4.89822e-14 0.227534 0.00394748 0.950107
9 0.092456 0.015691 17.1385 0.00338772 2.28331e-12 8.21794e-14 0.201125 0.014817 1.11267
10 0.141205 0.0204416 17.3552 0.00728345 1.89484e-13 5.72639e-15 0.252212 0.0262661 0.921138
