1 0.0523622 0.00133581 18.1038 0.00301053 1.8409e-09 8.18369e-12 0.322204 0.00221474 1.14858
2 0.0602491 0.0061828 18.1638 0.00667748 6.87187e-10 6.23035e-12 0.330087 0.00621103 1.13617
3 0.0518271 0.00243317 18.1966 0.00195914 2.45135e-10 1.09823e-12 0.33817 0.00219556 1.17515
4 0.0606908 0.00157014 18.1935 0.0180805 9.40796e-11 4.36169e-13 0.341309 0.00264776 1.14746
5 0.066424 0.00504352 18.1848 0.00575182 3.25431e-11 2.24325e-13 0.349635 0.00575436 0.904986
6 0.0589255 0.00620427 18.1982 0.00778116 1.1882e-11 9.70101e-14 0.366983 0.00689519 1.11026
7 0.107487 0.0134571 18.1765 0.00931998 5.25678e-12 9.21322e-14 0.339369 0.0152221 1.23532
8 0.0725342 0.0207301 18.2478 0.023405 1.78992e-12 4.35491e-14 0.411941 0.0214196 0.970027
9 0.123095 0.0182327 18.2777 0.0120041 8.89746e-13 1.77624e-14 0.412463 0.0190004 0.925729
10 0.175723 0.0297291 18.4546 0.0183244 2.55985e-13 6.08886e-15 0.531149 0.0333101 0.911129
