1 0.574247 0.0597856 18.3273 0.109013 6.29526e-11 3.72197e-12 0.86137 0.125004 1.10998
1 0.0625238 0.0289535 18.1009 0.0179876 1.87928e-09 8.42802e-11 0.314592 0.0164065 0.91247
1 0.0530764 0.00137124 18.1032 0.00187524 1.84149e-09 8.14384e-12 0.321158 0.00206686 1.16588
1 0.0523622 0.00133581 18.1038 0.00301053 1.8409e-09 8.18369e-12 0.322204 0.00221474 1.14858
2 0.0576055 0.00318549 18.1646 0.00199331 6.87241e-10 3.05769e-12 0.336133 0.0021704 1.2029
2 0.0602491 0.0061828 18.1638 0.00667748 6.87187e-10 6.23035e-12 0.330087 0.00621103 1.13617
3 0.0575508 0.00110674 18.1892 0.00198831 2.48073e-10 1.1067e-12 0.33735 0.00210152 1.33686
3 0.0518271 0.00243317 18.1966 0.00195914 2.45135e-10 1.09823e-12 0.33817 0.00219556 1.17515
4 0.0711903 0.00766553 18.184 0.00697457 9.54747e-11 1.07156e-12 0.332662 0.00715826 1.07973
4 0.0606908 0.00157014 18.1935 0.0180805 9.40796e-11 4.36169e-13 0.341309 0.00264776 1.14746
5 0.0753275 0.00877472 18.1773 0.00753885 3.29556e-11 4.09562e-13 0.342591 0.00812918 0.884735
5 0.066424 0.00504352 18.1848 0.00575182 3.25431e-11 2.24325e-13 0.349635 0.00575436 0.904986
6 0.0566101 0.0121015 18.2002 0.00255191 1.1831e-11 6.31195e-14 0.367976 0.00299233 1.16299
6 0.0589255 0.00620427 18.1982 0.00778116 1.1882e-11 9.70101e-14 0.366983 0.00689519 1.11026
7 0.107487 0.0134571 18.1765 0.00931998 5.25678e-12 9.21322e-14 0.339369 0.0152221 1.23532
8 0.108238 0.0248939 18.222 0.0163445 1.87062e-12 5.68189e-14 0.383752 0.0244092 0.947783
8 0.0725342 0.0207301 18.2478 0.023405 1.78992e-12 4.35491e-14 0.411941 0.0214196 0.970027
9 0.0958744 0.0312343 18.2923 0.0245565 8.59623e-13 3.26299e-14 0.431783 0.0264628 0.913797
9 0.114421 0.0241012 18.2819 0.0157822 8.80459e-13 2.42672e-14 0.419048 0.0224646 0.899667
9 0.123095 0.0182327 18.2777 0.0120041 8.89746e-13 1.77624e-14 0.412463 0.0190004 0.925729
10 0.247837 0.0175977 18.4503 0.0133286 2.76523e-13 2.44615e-14 0.480822 0.0306587 1.02317
10 0.22624 0.0695718 18.4468 0.0131239 2.69481e-13 1.75105e-14 0.493915 0.0620434 0.966998
10 0.170669 0.0435132 18.4569 0.0235599 2.54922e-13 9.42625e-15 0.535652 0.0426387 0.984275
10 0.175723 0.0297291 18.4546 0.0183244 2.55985e-13 6.08886e-15 0.531149 0.0333101 0.911129
