1 0.0540512 0.017312 18.0913 0.00221096 1.81268e-09 8.0816e-12 0.381429 0.00252589 1.08371
2 0.0786259 0.0114899 18.16 0.00969499 6.89236e-10 1.02104e-11 0.375147 0.0106308 1.07017
3 0.0643265 0.00729646 18.2083 0.00846451 2.45407e-10 2.19135e-12 0.389024 0.00759291 1.15519
4 0.0861205 0.00780125 18.1932 0.00704163 9.57592e-11 9.13183e-13 0.383842 0.00789191 1.00798
5 0.0817013 0.00869831 18.1913 0.00844804 3.27379e-11 3.42084e-13 0.402577 0.00835021 0.873209
6 0.0678518 0.0118313 18.2158 0.0133931 1.18405e-11 1.58183e-13 0.421508 0.0116952 1.11805
7 0.0989557 0.025429 18.2193 0.0194484 5.09243e-12 1.48436e-13 0.412161 0.0247575 1.24969
8 0.108005 0.0383353 18.2955 0.0281151 1.82494e-12 7.87047e-14 0.451331 0.034275 1.05319
9 0.153224 0.0172947 18.4197 0.0112302 8.95975e-13 1.49071e-14 0.462703 0.0190881 0.942906
10 0.175723 0.0297291 18.4546 0.0183244 2.55985e-13 6.08886e-15 0.531149 0.0333101 0.911129
