1 3.03663 3.78451e-05 -5.48719 0 16990.8 0.164714 2.42931 0.000457412 3359.74
1 3.03653 3.78556e-05 -5.47778 0 16979.5 0.164606 2.42922 0.000457185 3359.62
1 0.199324 0.00584855 18.1079 0.00345923 2538.06 41.1354 0.228101 0.00248671 2.25848
1 0.213584 0.00467527 18.0956 0.00306464 2697.23 30.8596 0.251017 0.00146378 3.3245
1 0.212228 0.00462837 18.0993 0.00302179 2672.27 30.7063 0.244508 0.00172777 2.92829
1 0.211867 0.00465444 18.1022 0.00300786 2657.54 31.0406 0.239517 0.00194364 2.82726
1 0.0598793 8.90319e-06 18.1099 0.00126541 995.118 0.015175 0.239267 0.00113872 557.901
1 0.101225 0.00127448 18.0944 0.00195532 1990.24 0.331441 0.269457 0.0001062 17.4544
1 0.188447 0.00488444 18.0929 0.0028409 2576.16 31.3498 0.269457 0.0027379 2.52808
1 0.162308 0.00515653 18.0868 0.00273554 2489.04 31.7571 0.299397 0.00490894 2.33596
1 0.162308 0.00515711 18.0868 0.00273554 2489.04 31.7634 0.299397 0.00492248 2.33596
1 0.148098 0.0058449 18.0834 0.00277524 2406.55 36.2608 0.30323 0.00269949 2.07477
2 0.136424 0.0135261 18.1274 0.00508829 975.092 35.1517 0.323317 0.00936363 1.72427
2 0.162569 0.0100828 18.1317 0.00475741 1029.04 25.8615 0.310597 0.0145023 1.70466
2 0.166194 0.00974939 18.141 0.00479444 1014.41 25.507 0.291196 0.157756 1.47096
1 0.155509 0.00582571 18.0927 0.00289218 2385.68 37.2349 0.280774 0.00428814 1.71811
2 0.166194 0.00974931 18.141 0.00479444 1014.41 25.5069 0.291196 0.157756 1.47096
3 0.141201 0.0293653 18.1466 0.00986969 375.921 28.1174 0.356951 0.0437119 1.49331
3 0.179193 0.0144018 18.1453 0.00771226 390.436 13.1104 0.313992 0.0321949 1.34734
4 0.137854 0.0633938 18.1473 0.0187972 141.379 21.8391 0.401103 0.208929 1.15867
4 0.200814 0.0340465 18.1476 0.0158937 154.867 11.2832 0.3596 0.286561 1.12535
5 0.206512 0.0579642 18.1486 0.0274773 91.8232 11.2493 0.358093 0.191775 1.38104
5 0.206523 0.0580798 18.1485 0.0274788 91.8274 11.4537 0.358092 0.191495 1.38104
5 0.206539 0.0581413 18.1486 0.0274828 91.8309 11.5387 0.358092 0.191786 1.38104
1 0.155507 0.00582788 18.0927 0.00289217 2385.66 37.251 0.280774 0.00429497 1.71811
5 0.206446 0.0581219 18.1486 0.0274703 91.8123 11.554 0.358092 0.191433 1.38104
5 0.206533 0.0582799 18.1486 0.0274807 91.8286 11.604 0.358093 0.191628 1.38104
5 0.206523 0.0580798 18.1485 0.0274788 91.8274 11.4537 0.358092 0.191495 1.38104
6 0.173182 0.0699693 18.1829 0.0359122 29.5609 4.99234 0.321936 0.168739 1.21242
6 0.198976 0.0637164 18.2119 0.0387316 30.3976 4.79314 0.286281 0.177949 1.20301
7 0.186987 0.303528 18.3694 0.165957 19.458 8.07576 0.520519 0.408338 0.780811
8 0.203964 0.130822 18.2317 0.106379 7.64376 1.06213 0.203964 0.163164 1.19276
8 0.203964 0.130822 18.2317 0.106379 7.64376 1.06213 0.203964 0.163164 1.19276
7 0.199334 0.0897071 18.3302 0.0553269 15.2148 3.51008 0.293563 0.196668 0.96539
8 0.203964 0.130822 18.2317 0.106379 7.64376 1.06213 0.203964 0.163164 1.19276
8 0.221324 0.160081 18.2632 0.08674 7.62932 1.18729 0.161228 0.141968 0.978432
8 0.231372 0.178617 18.2649 0.0643408 7.6391 1.06055 0.125758 0.120753 0.815389
8 0.225489 0.17027 18.2623 0.0660485 7.59427 1.10119 0.141396 0.132647 0.891358
