1 0.0265993 0.000669941 19.0376 0.00117574 1.61464e-09 7.12078e-12 0.16708 0.00108939 1.36486
2 0.0366728 0.000719029 19.1093 0.000107624 6.08996e-10 2.59539e-12 0.163134 0.00129575 2.01688
3 0.031323 0.000766646 19.1769 0.00322092 2.18229e-10 9.94511e-13 0.169409 0.00126611 1.44231
4 0.0381933 0.000775261 19.2078 0.000242932 8.38969e-11 3.74476e-13 0.166894 0.00122703 1.05923
5 0.0339447 0.000800275 19.246 0.00101766 5.71483e-11 2.66338e-13 0.178126 0.00124331 1.18709
6 0.0357702 0.00096979 19.2775 0.000494776 2.11217e-11 1.07584e-13 0.180167 0.00168436 1.25505
7 0.0476798 0.00499829 19.3107 0.00477162 7.6241e-12 1.03259e-13 0.179568 0.00579365 1.12167
8 0.0407283 0.00866199 19.376 0.00951346 2.68153e-12 5.62391e-14 0.210488 0.00840894 1.02255
9 0.0555561 0.00489967 19.4515 0.00516109 1.29363e-12 1.49077e-14 0.221028 0.00559744 1.30403
10 0.0814579 0.00723998 19.6674 0.00758547 1.63416e-13 2.18398e-15 0.273761 0.00944668 1.03444
