0.6387188517346821    0.012804878048780388
0.7569305732136545    0.018292682926829174
0.8729772978798107    0.02621951219512192
1.0205858847733071    0.031707317073170704
1.1850762994671662    0.03841463414634144
1.3667630061472453    0.04634146341463413
1.5550358758492893    0.05548780487804872
1.7572670189733004    0.06341463414634141
1.9993321780439126    0.073780487804878
2.2440495820216557    0.07987804878048776
2.5187202916417872    0.08902439024390241
2.80787377806534      0.0969512195121951
3.1515563282744825    0.10548780487804876
3.489577607228277     0.11768292682926823
3.943394319427476     0.125
4.336787490945991     0.13597560975609752
4.737140046506601     0.13963414634146343
5.209717322799164     0.14512195121951216
5.690654802047441     0.15548780487804875
6.301007978037097     0.15975609756097553
6.882688462008579     0.16524390243902437
7.518067050571054     0.17317073170731706
8.212100909240853     0.17804878048780487
8.909483079436777     0.17804878048780487
9.798293459860266     0.18170731707317073
10.630377141341187    0.18902439024390238
11.533122439135514    0.19329268292682927
13.03299557446221     0.1926829268292683
15.340542138766232    0.19512195121951215
17.934419153418197    0.1939024390243902
20.824954960205787    0.19817073170731708
24.346171584352046    0.1963414634146341
28.27010578711388     0.20121951219512196
33.05019614765385     0.19573170731707318
37.859170253249985    0.19329268292682927
44.2606409852093      0.16524390243902437
51.39424071345774     0.18414634146341463
59.677580796796654    0.18658536585365854
71.20448909286361     0.18536585365853653
85.5368774842224      0.15304878048780485
104.8694445063251     0.1390243902439024
131.21820734651968    0.1518292682926829
171.01663156360567    0.17378048780487798
241.8136575178369     0.18536585365853653
399.7329158161811     0.16097560975609754
855.3687748422244     0.16097560975609754
